10116 11894 4566
4566 2734 17861
2734 4566 17861
4566 6807 15052
6807 4566 15052
6807 989 3429
989 6807 3429
989 5368 23825
5368 989 23825
4566 6605 22374
6605 4566 22374
6605 8949 5804
8949 6605 5804
5368 8320 4894
8320 5368 4894
5368 3815 8890
3815 5368 8890
5368 18 20377
18 5368 20377
2734 5721 15477
5721 2734 15477
989 8171 20961
8171 989 20961
5368 4157 7743
4157 5368 7743
8320 4863 1532
4863 8320 1532
8171 5171 30593
5171 8171 30593
8949 832 25246
832 8949 25246
4566 9348 13793
9348 4566 13793
5721 6147 7895
6147 5721 7895
8171 2096 13193
2096 8171 13193
8171 5903 31603
5903 8171 31603
18 5846 32619
5846 18 32619
5721 747 10690
747 5721 10690
4566 6253 21966
6253 4566 21966
989 819 6146
819 989 6146
6807 4173 20097
4173 6807 20097
4566 1139 12193
1139 4566 12193
1139 7735 5000
7735 1139 5000
5903 8390 27664
8390 5903 27664
4566 1787 28199
1787 4566 28199
6605 3925 12514
3925 6605 12514
4173 4134 29070
4134 4173 29070
8171 489 31842
489 8171 31842
7735 3209 20884
3209 7735 20884
6253 4237 4084
4237 6253 4084
3815 3296 22854
3296 3815 22854
6147 7963 31187
7963 6147 31187
6807 6219 18488
6219 6807 18488
4863 6532 9226
6532 4863 9226
2096 1976 28368
1976 2096 28368
4566 3627 15033
3627 4566 15033
2096 8133 267
8133 2096 267
7963 3568 28688
3568 7963 28688
4134 7912 5229
7912 4134 5229
7735 7811 28282
7811 7735 28282
2096 6941 26903
6941 2096 26903
3815 2280 14829
2280 3815 14829
5846 4904 18229
4904 5846 18229
3627 1542 26473
1542 3627 26473
18 1618 12615
1618 18 12615
747 1269 32251
1269 747 32251
5171 8920 16632
8920 5171 16632
989 9105 5862
9105 989 5862
832 695 1906
695 832 1906
3815 6566 31428
6566 3815 31428
7963 1980 2932
1980 7963 2932
819 1270 6069
1270 819 6069
989 5371 20130
5371 989 20130
18 3976 20733
3976 18 20733
1269 4662 28856
4662 1269 28856
6147 9038 25245
9038 6147 25245
6566 7455 25257
7455 6566 25257
1270 10100 29639
10100 1270 29639
3976 8021 29912
8021 3976 29912
1618 8845 2372
8845 1618 2372
6532 1205 13030
1205 6532 13030
6532 2908 25892
2908 6532 25892
3976 6392 17617
6392 3976 17617
3925 8667 4938
8667 3925 4938
7455 5584 16467
5584 7455 16467
747 9632 31415
9632 747 31415
4662 3621 18110
3621 4662 18110
4566 7852 22947
7852 4566 22947
8667 2544 19154
2544 8667 19154
1139 46 9919
46 1139 9919
2908 5918 14140
5918 2908 14140
1269 9035 31801
9035 1269 31801
8171 9296 14777
9296 8171 14777
1618 5828 341
5828 1618 341
4662 115 26
115 4662 26
695 9599 19905
9599 695 19905
695 6337 2971
6337 695 2971
5903 1245 3557
1245 5903 3557
5371 226 13381
226 5371 13381
7455 9398 20957
9398 7455 20957
1269 342 22872
342 1269 22872
6392 3709 30954
3709 6392 30954
832 8032 23793
8032 832 23793
6532 1387 10611
1387 6532 10611
8171 2381 14439
2381 8171 14439
8390 3317 18925
3317 8390 18925
8171 8649 1035
8649 8171 1035
3296 4270 2380
4270 3296 2380
7963 3111 2145
3111 7963 2145
4863 6186 17856
6186 4863 17856
1270 4243 10207
4243 1270 10207
4243 5310 5871
5310 4243 5871
10100 6218 30673
6218 10100 30673
6532 2597 31990
2597 6532 31990
5584 6505 1029
6505 5584 1029
3709 7658 18367
7658 3709 18367
1542 1422 19514
1422 1542 19514
1542 2456 17061
2456 1542 17061
115 2070 23440
2070 115 23440
3815 6347 7763
6347 3815 7763
1618 8703 14697
8703 1618 14697
4243 2756 1887
2756 4243 1887
4243 3896 12409
3896 4243 12409
2908 2445 25109
2445 2908 25109
6532 2022 21501
2022 6532 21501
6941 2934 21613
2934 6941 21613
8667 8822 5193
8822 8667 5193
5721 9681 11550
9681 5721 11550
2381 9827 27443
9827 2381 27443
3925 1202 25421
1202 3925 25421
2544 2490 32261
2490 2544 32261
8021 306 27728
306 8021 27728
7811 2885 22006
2885 7811 22006
7852 5493 3438
5493 7852 3438
8021 3365 20830
3365 8021 20830
832 5343 11699
5343 832 11699
46 3531 32550
3531 46 32550
3621 689 4138
689 3621 4138
2908 4008 793
4008 2908 793
7811 156 22804
156 7811 22804
6941 918 15655
918 6941 15655
226 107 24835
107 226 24835
3815 7851 1723
7851 3815 1723
46 9762 11995
9762 46 11995
4270 2786 16556
2786 4270 16556
4863 5460 3618
5460 4863 3618
115 6421 29049
6421 115 29049
5310 5241 10541
5241 5310 10541
1980 4510 9925
4510 1980 9925
5310 9693 26380
9693 5310 26380
7851 9932 32350
9932 7851 32350
7658 9133 6978
9133 7658 6978
7852 1815 31271
1815 7852 31271
7851 3869 27046
3869 7851 27046
1618 9634 24509
9634 1618 24509
6421 4736 11015
4736 6421 11015
9634 8968 12218
8968 9634 12218
1980 1787 12139
1787 1980 12139
1202 5503 2521
5503 1202 2521
6253 6726 247
6726 6253 247
3925 7375 27240
7375 3925 27240
2445 644 22251
644 2445 22251
6186 7339 25298
7339 6186 25298
5310 1885 18998
1885 5310 18998
6532 3851 4643
3851 6532 4643
819 2673 9606
2673 819 9606
747 1906 978
1906 747 978
2756 9208 26862
9208 2756 26862
9762 8741 2616
8741 9762 2616
3815 9257 23914
9257 3815 23914
18 9031 30584
9031 18 30584
6605 1366 28398
1366 6605 28398
8845 8480 4818
8480 8845 4818
2456 8010 970
8010 2456 970
3365 5755 8581
5755 3365 8581
9599 6927 16000
6927 9599 16000
5493 9485 8657
9485 5493 8657
9693 5492 4960
5492 9693 4960
8171 4423 15301
4423 8171 15301
7851 322 28042
322 7851 28042
2597 5671 16076
5671 2597 16076
2456 1139 22308
1139 2456 22308
5671 4411 5183
4411 5671 5183
1980 1188 18151
1188 1980 18151
2597 1238 11875
1238 2597 11875
9296 10049 26957
10049 9296 26957
3317 8607 30879
8607 3317 30879
5241 3280 1543
3280 5241 1543
3568 825 30922
825 3568 30922
4157 3407 4744
3407 4157 4744
322 4450 31458
4450 322 31458
2280 7692 10437
7692 2280 10437
3280 3238 6034
3238 3280 6034
989 160 1399
160 989 1399
4008 7178 31555
7178 4008 31555
5460 4431 29575
4431 5460 29575
7692 4317 22201
4317 7692 22201
4411 1926 12908
1926 4411 12908
1906 9237 9062
9237 1906 9062
8320 1391 924
1391 8320 924
1422 3812 13556
3812 1422 13556
4904 1256 12134
1256 4904 12134
9208 9581 16066
9581 9208 16066
6186 3482 3025
3482 6186 3025
6927 5318 20284
5318 6927 20284
9634 3252 28748
3252 9634 28748
2908 4441 7252
4441 2908 7252
5318 920 5973
920 5318 5973
9693 8554 9110
8554 9693 9110
918 3050 19304
3050 918 19304
8010 9686 25985
9686 8010 25985
3296 5371 28366
5371 3296 28366
2022 5689 14118
5689 2022 14118
5310 4957 1573
4957 5310 1573
1188 2087 5707
2087 1188 5707
7912 7117 31675
7117 7912 31675
7117 9794 27510
9794 7117 27510
160 1553 26124
1553 160 26124
3296 2461 695
2461 3296 695
4173 4285 17932
4285 4173 17932
4450 3985 3843
3985 4450 3843
1391 4064 508
4064 1391 508
6726 1929 5501
1929 6726 5501
1906 1754 26623
1754 1906 26623
9581 7783 29960
7783 9581 29960
3925 2730 20393
2730 3925 20393
918 2884 13297
2884 918 13297
8667 9816 5181
9816 8667 5181
9632 2353 8334
2353 9632 8334
5171 2323 10583
2323 5171 10583
8607 2792 29488
2792 8607 29488
115 245 2612
245 115 2612
7375 3743 20148
3743 7375 20148
3568 5863 18391
5863 3568 18391
1202 2416 2703
2416 1202 2703
4317 7946 5302
7946 4317 5302
9634 1579 27707
1579 9634 27707
4423 7440 27841
7440 4423 27841
7658 7326 12096
7326 7658 12096
4157 8860 28370
8860 4157 28370
3050 8577 16980
8577 3050 16980
4957 2866 14578
2866 4957 14578
5241 9511 17733
9511 5241 17733
8920 1111 10994
1111 8920 10994
8845 8048 26285
8048 8845 26285
2885 6519 27464
6519 2885 27464
9257 9207 4506
9207 9257 4506
6532 6253 30773
6253 6532 30773
1391 1663 15032
1663 1391 15032
7326 1057 924
1057 7326 924
46 874 22941
874 46 22941
2756 4868 25102
4868 2756 25102
1205 2237 1598
2237 1205 1598
9237 561 1536
561 9237 1536
8703 6086 7105
6086 8703 7105
4134 3191 26142
3191 4134 26142
7339 318 31012
318 7339 31012
9599 2301 23097
2301 9599 23097
1366 5787 19826
5787 1366 19826
8577 7965 31821
7965 8577 31821
3191 6858 8316
6858 3191 8316
8554 1045 895
1045 8554 895
8607 2240 19018
2240 8607 19018
9511 1500 27951
1500 9511 27951
1885 9851 6862
9851 1885 6862
8133 773 11379
773 8133 11379
2022 2878 24693
2878 2022 24693
1976 9968 4756
9968 1976 4756
1111 7255 6056
7255 1111 6056
7965 7523 17248
7523 7965 17248
4431 4638 9825
4638 4431 9825
9237 1725 24176
1725 9237 24176
1111 9730 28259
9730 1111 28259
226 6351 8886
6351 226 8886
5755 9350 1450
9350 5755 1450
9348 2057 17390
2057 9348 17390
6807 1121 22583
1121 6807 22583
3407 9538 451
9538 3407 451
3050 1020 10053
1020 3050 10053
1387 7870 24270
7870 1387 24270
8390 19 6529
19 8390 6529
9133 2408 10675
2408 9133 10675
4662 1767 11498
1767 4662 11498
2070 3167 29959
3167 2070 29959
2280 1864 9811
1864 2280 9811
6218 7600 10954
7600 6218 10954
9681 1767 25542
1767 9681 25542
3191 8069 11929
8069 3191 11929
8390 6727 3644
6727 8390 3644
1139 4894 3551
4894 1139 3551
9296 503 23648
503 9296 23648
4270 7636 8114
7636 4270 8114
6605 5909 15193
5909 6605 15193
7523 8335 15900
8335 7523 15900
1976 9220 5068
9220 1976 5068
874 5326 260
5326 874 260
6566 6911 20635
6911 6566 20635
156 6103 9972
6103 156 9972
8667 6420 6670
6420 8667 6670
5721 8199 12900
8199 5721 12900
9350 7546 13146
7546 9350 13146
6253 5932 16995
5932 6253 16995
1188 3764 25040
3764 1188 25040
9632 8362 25511
8362 9632 25511
5492 8185 3098
8185 5492 3098
9105 8741 4972
8741 9105 4972
7178 2894 9544
2894 7178 9544
1422 8795 32697
8795 1422 32697
6103 1051 19101
1051 6103 19101
489 442 18640
442 489 18640
874 5122 3170
5122 874 3170
3482 5886 13822
5886 3482 13822
2866 9516 31017
9516 2866 31017
9257 3395 1035
3395 9257 1035
1422 980 53
980 1422 53
9968 3187 15852
3187 9968 15852
5846 1734 27417
1734 5846 27417
9398 10066 147
10066 9398 147
156 8786 22436
8786 156 22436
2792 10063 12521
10063 2792 12521
6186 1167 4777
1167 6186 4777
7851 7932 5972
7932 7851 5972
8032 2338 18771
2338 8032 18771
8920 3658 5730
3658 8920 5730
3280 832 2558
832 3280 2558
3851 1762 23142
1762 3851 23142
8949 9330 20172
9330 8949 20172
3407 4226 32300
4226 3407 32300
7851 6479 7027
6479 7851 7027
1734 5445 17680
5445 1734 17680
1663 2010 25841
2010 1663 25841
3976 7155 17694
7155 3976 17694
7658 33 21803
33 7658 21803
920 2772 15361
2772 920 15361
1787 9022 21925
9022 1787 21925
2323 2231 24558
2231 2323 24558
1926 9083 29651
9083 1926 29651
8822 4810 22989
4810 8822 22989
4157 9685 30389
9685 4157 30389
7636 5120 18507
5120 7636 18507
1139 4031 12470
4031 1139 12470
2445 1374 17317
1374 2445 17317
4237 6009 2572
6009 4237 2572
8860 6348 26684
6348 8860 26684
5241 5729 16135
5729 5241 16135
8335 1341 602
1341 8335 602
6253 8101 11030
8101 6253 11030
2772 2697 8120
2697 2772 8120
1374 5835 1130
5835 1374 1130
2894 3486 7060
3486 2894 7060
2756 5844 30068
5844 2756 30068
1238 4865 16517
4865 1238 16517
9485 7225 22723
7225 9485 22723
1374 5520 26446
5520 1374 26446
6479 2298 20706
2298 6479 20706
1341 9260 7253
9260 1341 7253
2756 497 22850
497 2756 22850
5493 5162 23957
5162 5493 23957
832 5760 3684
5760 832 3684
6807 415 286
415 6807 286
8362 1151 6830
1151 8362 6830
7546 9418 22657
9418 7546 22657
5371 6883 17079
6883 5371 17079
1139 5116 16313
5116 1139 16313
8101 7647 18161
7647 8101 18161
8133 6370 1650
6370 8133 1650
7339 1422 2550
1422 7339 2550
3869 6532 6334
6532 3869 6334
1980 6300 29156
6300 1980 29156
497 527 2191
527 497 2191
2885 4733 8331
4733 2885 8331
5171 8620 11166
8620 5171 11166
8554 1255 12636
1255 8554 12636
5863 9499 31100
9499 5863 31100
920 4901 32088
4901 920 32088
9516 379 17409
379 9516 17409
3209 695 17524
695 3209 17524
2338 7627 22618
7627 2338 22618
6807 289 22822
289 6807 22822
3395 5327 8545
5327 3395 8545
8577 8320 22044
8320 8577 22044
989 1292 5124
1292 989 5124
6911 9032 20301
9032 6911 20301
6532 3155 5350
3155 6532 5350
7647 1602 9954
1602 7647 9954
819 978 12935
978 819 12935
1926 4705 933
4705 1926 933
1205 5924 4484
5924 1205 4484
2786 5920 10751
5920 2786 10751
2894 4418 20705
4418 2894 20705
3925 615 31147
615 3925 31147
7339 3839 2643
3839 7339 2643
1906 2608 24996
2608 1906 24996
1864 5090 30461
5090 1864 30461
4418 6285 2295
6285 4418 2295
8010 6226 15150
6226 8010 15150
920 3021 1669
3021 920 1669
6348 2495 31727
2495 6348 31727
6186 1789 6877
1789 6186 6877
107 1613 14222
1613 107 14222
7155 258 18086
258 7155 18086
5787 6679 30316
6679 5787 30316
156 3855 7521
3855 156 7521
9257 5139 23463
5139 9257 23463
1613 1577 10085
1577 1613 10085
9762 2277 30091
2277 9762 30091
9105 2802 22368
2802 9105 22368
8101 6193 31684
6193 8101 31684
4173 461 22216
461 4173 22216
4441 10080 32194
10080 4441 32194
5368 8482 2556
8482 5368 2556
379 779 28127
779 379 28127
1256 764 30728
764 1256 30728
5120 2054 1562
2054 5120 1562
2866 1024 2888
1024 2866 2888
989 253 18820
253 989 18820
6883 748 14173
748 6883 14173
9418 2001 29109
2001 9418 29109
9083 9377 17972
9377 9083 17972
5368 1667 31207
1667 5368 31207
5503 1020 12555
1020 5503 12555
2878 3755 16770
3755 2878 16770
1292 3479 19386
3479 1292 19386
7658 8645 32322
8645 7658 32322
1734 5989 30636
5989 1734 30636
2298 3703 31294
3703 2298 31294
2408 1190 24905
1190 2408 24905
1929 697 29812
697 1929 29812
6420 6790 17855
6790 6420 17855
1205 7791 31406
7791 1205 31406
1020 5223 14449
5223 1020 14449
6086 5462 18903
5462 6086 18903
7326 5191 9841
5191 7326 9841
245 2363 15898
2363 245 15898
6253 8687 15312
8687 6253 15312
4901 1777 11873
1777 4901 11873
9208 6433 8618
6433 9208 8618
6347 579 18188
579 6347 18188
8577 7323 7483
7323 8577 7483
1980 9265 9726
9265 1980 9726
8199 7507 14171
7507 8199 14171
5787 3325 11850
3325 5787 11850
747 8970 4400
8970 747 4400
4510 7267 21547
7267 4510 21547
579 4936 13830
4936 579 13830
8741 4866 4624
4866 8741 4624
9485 9578 25468
9578 9485 25468
4936 4047 24022
4047 4936 24022
6727 4141 14477
4141 6727 14477
7117 4833 24978
4833 7117 24978
5760 4374 20776
4374 5760 20776
3568 2674 32117
2674 3568 32117
442 4749 22335
4749 442 22335
9265 2648 16560
2648 9265 16560
5503 5472 21416
5472 5503 21416
5492 9013 9572
9013 5492 9572
5918 446 22560
446 5918 22560
5116 5914 32763
5914 5116 32763
9686 3467 18757
3467 9686 18757
6941 7257 19588
7257 6941 19588
8577 1826 27255
1826 8577 27255
3467 1385 25832
1385 3467 25832
9207 6172 9930
6172 9207 9930
5760 5315 16656
5315 5760 16656
2240 6254 14749
6254 2240 14749
4317 1406 15955
1406 4317 15955
4237 3829 7790
3829 4237 7790
9257 9078 7618
9078 9257 7618
5503 2146 25347
2146 5503 25347
18 297 310
297 18 310
489 789 26626
789 489 26626
1245 4783 15654
4783 1245 15654
3703 2498 7045
2498 3703 7045
9578 3738 27049
3738 9578 27049
6679 6314 5723
6314 6679 5723
2323 4005 18237
4005 2323 18237
7851 10114 4078
10114 7851 4078
9581 9352 23581
9352 9581 23581
5368 3527 9729
3527 5368 9729
6420 9049 13653
9049 6420 13653
695 2849 19659
2849 695 19659
8687 2836 724
2836 8687 724
2866 1186 12567
1186 2866 12567
3527 1196 26663
1196 3527 26663
7117 3571 14707
3571 7117 14707
1167 1102 25508
1102 1167 25508
4270 2338 29837
2338 4270 29837
3925 1139 11313
1139 3925 11313
2802 4332 29270
4332 2802 29270
3296 934 27116
934 3296 27116
1787 5528 4740
5528 1787 4740
9133 5630 18517
5630 9133 18517
5310 6469 3717
6469 5310 3717
6790 542 8405
542 6790 8405
8390 3707 15873
3707 8390 15873
7851 8672 29362
8672 7851 29362
9968 2848 7297
2848 9968 7297
7735 6614 6605
6614 7735 6605
6505 9845 15318
9845 6505 15318
446 1002 18370
1002 446 18370
1422 2811 25160
2811 1422 25160
7323 272 15169
272 7323 15169
6421 4900 25804
4900 6421 25804
7870 2923 8117
2923 7870 8117
9377 572 11421
572 9377 11421
2237 6562 29593
6562 2237 29593
5241 8269 5396
8269 5241 5396
1121 1139 24076
1139 1121 24076
2734 3005 14743
3005 2734 14743
3707 273 3193
273 3707 3193
3467 6907 13551
6907 3467 13551
4441 2544 6008
2544 4441 6008
6479 7022 2668
7022 6479 2668
9762 5843 6709
5843 9762 6709
6172 9220 18076
9220 6172 18076
2456 3044 10740
3044 2456 10740
1980 1606 10367
1606 1980 10367
3280 6908 17300
6908 3280 17300
4868 4124 9601
4124 4868 9601
4418 1483 8992
1483 4418 8992
9377 4066 10662
4066 9377 10662
6566 7853 24009
7853 6566 24009
9031 5401 25245
5401 9031 25245
6532 6476 4320
6476 6532 4320
2786 6136 32704
6136 2786 32704
7022 2821 6318
2821 7022 6318
3407 8786 27181
8786 3407 27181
497 2398 6197
2398 497 6197
9499 8180 24439
8180 9499 24439
4243 7359 14146
7359 4243 14146
9968 7610 24221
7610 9968 24221
7783 257 28250
257 7783 28250
5171 2575 19025
2575 5171 19025
2070 7132 4197
7132 2070 4197
115 8372 21681
8372 115 21681
2878 3341 4130
3341 2878 4130
9220 8028 2044
8028 9220 2044
4865 1301 21457
1301 4865 21457
9022 5993 23795
5993 9022 23795
7178 5003 21393
5003 7178 21393
6476 3358 6874
3358 6476 6874
4705 2945 20316
2945 4705 20316
1366 2638 1631
2638 1366 1631
10114 6598 12216
6598 10114 12216
5401 7854 31691
7854 5401 31691
6726 7837 12396
7837 6726 12396
8335 8747 17996
8747 8335 17996
10114 100 22229
100 10114 22229
4749 5675 10554
5675 4749 10554
10114 459 32185
459 10114 32185
1202 8127 29085
8127 1202 29085
8687 8289 32426
8289 8687 32426
2575 8008 21866
8008 2575 21866
7837 9239 17738
9239 7837 17738
1121 9585 13097
9585 1121 13097
6519 6523 29469
6523 6519 29469
2608 1478 16385
1478 2608 16385
5846 6311 15017
6311 5846 15017
6226 1799 11111
1799 6226 11111
3743 879 20240
879 3743 20240
764 3962 1749
3962 764 1749
2070 4650 16745
4650 2070 16745
3191 6705 9565
6705 3191 9565
6103 228 30594
228 6103 30594
4833 699 31221
699 4833 31221
3812 540 8154
540 3812 8154
5003 6529 3273
6529 5003 3273
7255 8145 13542
8145 7255 13542
272 9779 16123
9779 272 16123
3703 6909 22025
6909 3703 22025
1483 3516 4497
3516 1483 4497
1613 300 1731
300 1613 1731
2792 8119 20368
8119 2792 20368
6907 5603 21758
5603 6907 21758
4936 6192 9320
6192 4936 9320
489 7688 3468
7688 489 3468
2353 229 7999
229 2353 7999
4866 1896 4656
1896 4866 4656
3621 612 14529
612 3621 14529
258 5063 9921
5063 258 9921
5903 2210 29821
2210 5903 29821
3167 718 13132
718 3167 13132
9237 3295 30712
3295 9237 30712
8048 7297 5958
7297 8048 5958
4450 3139 16633
3139 4450 16633
6727 4573 20007
4573 6727 20007
9632 7545 20926
7545 9632 20926
3896 1104 24579
1104 3896 24579
689 1123 1312
1123 689 1312
6193 9191 30976
9191 6193 30976
9968 95 5573
95 9968 5573
1906 724 6332
724 1906 6332
1301 3526 2804
3526 1301 2804
989 6291 9978
6291 989 9978
5835 2094 685
2094 5835 685
3568 8293 27953
8293 3568 27953
2363 6409 1038
6409 2363 1038
300 3137 3288
3137 300 3288
773 2174 30253
2174 773 30253
9348 4083 6265
4083 9348 6265
3155 9827 22255
9827 3155 22255
2381 5811 2553
5811 2381 2553
3395 808 10885
808 3395 10885
2884 7946 31387
7946 2884 31387
6409 6815 10127
6815 6409 10127
2849 6691 20887
6691 2849 20887
1976 4460 11554
4460 1976 11554
6909 4859 9325
4859 6909 9325
318 3389 26399
3389 318 26399
6300 2852 20539
2852 6300 20539
7783 4247 31378
4247 7783 31378
6614 9441 30129
9441 6614 30129
95 5849 30497
5849 95 30497
9350 4090 2436
4090 9350 2436
8795 8272 27563
8272 8795 27563
5729 6495 10605
6495 5729 10605
4083 5202 11178
5202 4083 11178
3111 131 27160
131 3111 27160
6941 4478 24566
4478 6941 24566
6172 9225 27786
9225 6172 27786
18 3428 14581
3428 18 14581
489 7750 18921
7750 489 18921
1255 8270 20833
8270 1255 20833
697 5834 23216
5834 697 23216
2298 4101 22572
4101 2298 22572
1269 9069 6828
9069 1269 6828
989 2053 15653
2053 989 15653
5310 9769 32096
9769 5310 32096
3407 6557 12146
6557 3407 12146
2445 5322 32407
5322 2445 32407
2094 4720 3572
4720 2094 3572
9398 5428 10578
5428 9398 10578
1864 3327 18739
3327 1864 18739
1104 5046 17242
5046 1104 17242
6557 3451 29543
3451 6557 29543
8048 4577 22032
4577 8048 22032
8362 4210 9903
4210 8362 9903
5924 5183 32095
5183 5924 32095
8028 1495 21158
1495 8028 21158
6557 6865 19411
6865 6557 19411
4090 9924 14788
9924 4090 14788
2087 7262 16196
7262 2087 16196
1167 4236 15448
4236 1167 15448
2338 2910 17309
2910 2338 17309
5162 3150 20988
3150 5162 20988
2802 2231 10648
2231 2802 10648
1051 5862 5069
5862 1051 5069
2786 932 21910
932 2786 21910
4226 1301 18646
1301 4226 18646
5920 6128 20181
6128 5920 20181
8845 3934 21353
3934 8845 21353
289 2760 20907
2760 289 20907
4662 4172 31064
4172 4662 31064
9578 3644 10142
3644 9578 10142
7692 7179 6739
7179 7692 6739
8860 9587 24165
9587 8860 24165
8577 9026 20180
9026 8577 20180
1885 6453 4921
6453 1885 4921
5318 7938 28510
7938 5318 28510
1799 8809 31238
8809 1799 31238
2934 5649 30457
5649 2934 30457
7267 7704 8271
7704 7267 8271
7022 3131 25911
3131 7022 25911
6291 3394 14826
3394 6291 14826
8010 6939 798
6939 8010 798
1020 5908 6626
5908 1020 6626
3191 2849 3023
2849 3191 3023
825 3041 25627
3041 825 25627
9632 2492 1226
2492 9632 1226
1980 5416 5262
5416 1980 5262
1255 8393 23307
8393 1255 23307
1188 4684 16181
4684 1188 16181
3187 8853 29062
8853 3187 29062
4450 5505 30723
5505 4450 30723
1422 6170 682
6170 1422 682
773 8938 13436
8938 773 13436
6469 6456 23014
6456 6469 23014
5993 7556 16578
7556 5993 16578
8180 8564 19318
8564 8180 19318
1051 5918 8250
5918 1051 8250
5603 7741 16341
7741 5603 16341
3044 1968 30230
1968 3044 30230
9827 125 30125
125 9827 30125
1777 343 27742
343 1777 27742
5721 7111 6176
7111 5721 6176
6505 3896 4182
3896 6505 4182
527 5392 16561
5392 527 16561
5993 2977 20818
2977 5993 20818
2022 261 17222
261 2022 17222
4441 1126 19288
1126 4441 19288
579 4504 2031
4504 579 2031
4504 471 22812
471 4504 22812
46 8039 2429
8039 46 2429
9932 4159 8504
4159 9932 8504
6086 8371 8460
8371 6086 8460
2416 6606 184
6606 2416 184
7225 988 26119
988 7225 26119
2298 8357 26954
8357 2298 26954
699 864 26454
864 699 26454
7647 4674 5044
4674 7647 5044
6351 4130 11702
4130 6351 11702
9794 2145 22364
2145 9794 22364
1777 410 8297
410 1777 8297
7255 1422 7692
1422 7255 7692
2010 585 23741
585 2010 23741
5063 7295 22320
7295 5063 22320
9634 6303 9760
6303 9634 9760
3191 1873 4166
1873 3191 4166
3627 2448 6073
2448 3627 6073
1102 5082 57
5082 1102 57
5846 735 446
735 5846 446
6529 6014 29137
6014 6529 29137
9035 8893 11263
8893 9035 11263
7262 6185 7572
6185 7262 7572
1292 7837 25692
7837 1292 25692
6614 6244 15770
6244 6614 15770
8893 5730 6951
5730 8893 6951
6865 3522 1608
3522 6865 1608
561 271 10389
271 561 10389
1301 4083 17648
4083 1301 17648
2237 4359 32216
4359 2237 32216
8199 4989 16834
4989 8199 16834
1725 1920 18800
1920 1725 18800
6909 8769 13466
8769 6909 13466
1406 982 18901
982 1406 18901
5843 1190 13450
1190 5843 13450
1196 5680 31373
5680 1196 31373
1926 3489 6197
3489 1926 6197
7326 2257 18247
2257 7326 18247
9418 9470 20810
9470 9418 20810
2022 5407 19859
5407 2022 19859
6909 9416 30674
9416 6909 30674
2461 9016 16716
9016 2461 16716
6907 8024 2561
8024 6907 2561
4210 309 4313
309 4210 4313
156 221 27599
221 156 27599
5528 7031 15809
7031 5528 15809
2977 6485 32131
6485 2977 32131
5326 4081 21330
4081 5326 21330
221 4811 17141
4811 221 17141
6529 3593 18507
3593 6529 18507
1799 5424 7476
5424 1799 7476
689 8963 14782
8963 689 14782
540 5609 5842
5609 540 5842
19 953 7339
953 19 7339
779 8917 18181
8917 779 18181
8822 2600 4366
2600 8822 4366
5371 681 27224
681 5371 27224
1422 6328 15427
6328 1422 15427
1920 5328 4014
5328 1920 4014
3516 4357 18967
4357 3516 18967
1269 8364 11959
8364 1269 11959
9257 3403 15075
3403 9257 15075
7225 1114 14637
1114 7225 14637
4418 1450 19066
1450 4418 19066
6192 462 19063
462 6192 19063
18 1491 20184
1491 18 20184
6433 5829 4478
5829 6433 4478
5680 9993 16082
9993 5680 16082
1391 7133 32472
7133 1391 32472
261 6150 28726
6150 261 28726
8893 2567 13723
2567 8893 13723
9681 9773 23071
9773 9681 23071
3451 2839 18285
2839 3451 18285
9207 9624 4964
9624 9207 4964
2096 3469 29878
3469 2096 29878
7339 4696 11890
4696 7339 11890
2600 1396 4087
1396 2600 4087
8938 6071 19177
6071 8938 19177
2894 6150 20405
6150 2894 20405
10063 2149 2777
2149 10063 2777
5609 1408 23678
1408 5609 23678
7262 4391 23670
4391 7262 23670
9685 1915 20717
1915 9685 20717
4031 3764 2701
3764 4031 2701
1374 6701 16310
6701 1374 16310
4157 1621 5427
1621 4157 5427
879 9520 14371
9520 879 14371
3855 3171 16729
3171 3855 16729
5171 88 15248
88 5171 15248
1045 93 26957
93 1045 26957
3522 4947 14015
4947 3522 14015
1256 4030 12621
4030 1256 12621
6909 8458 26654
8458 6909 26654
1734 6257 10943
6257 1734 10943
9581 4876 14418
4876 9581 14418
261 2278 30116
2278 261 30116
2885 4029 31915
4029 2885 31915
934 4640 25439
4640 934 25439
9026 5405 29514
5405 9026 29514
5322 408 20209
408 5322 20209
459 5592 5914
5592 459 5914
718 2084 7724
2084 718 7724
2674 7995 15859
7995 2674 15859
9237 339 31888
339 9237 31888
4226 7163 23935
7163 4226 23935
2257 5972 11222
5972 2257 11222
6257 7033 25521
7033 6257 25521
1045 7537 3916
7537 1045 3916
747 2439 22011
2439 747 22011
3486 9625 11918
9625 3486 11918
3479 763 30332
763 3479 30332
5603 3926 8524
3926 5603 8524
9350 4273 4316
4273 9350 4316
5730 7318 30992
7318 5730 30992
9016 951 22683
951 9016 22683
2878 306 8003
306 2878 8003
3851 772 244
772 3851 244
5326 9638 3309
9638 5326 3309
8393 4031 31396
4031 8393 31396
5584 1590 3799
1590 5584 3799
8010 4544 7737
4544 8010 7737
3568 1145 17436
1145 3568 17436
5918 3386 2483
3386 5918 2483
229 5249 32337
5249 229 32337
6392 4292 11933
4292 6392 11933
6328 2826 29123
2826 6328 29123
6253 2823 2537
2823 6253 2537
6726 4364 2438
4364 6726 2438
7117 8512 20783
8512 7117 20783
3738 4915 1602
4915 3738 1602
689 2730 6440
2730 689 6440
8364 5947 8196
5947 8364 8196
1020 3888 10099
3888 1020 10099
6409 3398 641
3398 6409 641
1139 2319 22028
2319 1139 22028
2448 9997 30849
9997 2448 30849
7507 7589 14589
7589 7507 14589
8048 775 18042
775 8048 18042
6614 9868 10028
9868 6614 10028
7556 9409 23935
9409 7556 23935
2490 5714 27988
5714 2490 27988
9083 974 1800
974 9083 1800
9105 1715 24209
1715 9105 24209
6218 3494 16196
3494 6218 16196
7326 6804 14341
6804 7326 14341
989 6999 30449
6999 989 30449
3479 1759 30070
1759 3479 30070
4124 8701 14073
8701 4124 14073
9632 1548 21253
1548 9632 21253
9634 2363 28466
2363 9634 28466
9587 4961 23618
4961 9587 23618
8554 5629 26399
5629 8554 26399
2174 2181 9035
2181 2174 9035
724 3217 8842
3217 724 8842
9220 9871 6850
9871 9220 6850
3389 3644 25914
3644 3389 25914
7946 3086 9133
3086 7946 9133
4101 2097 10313
2097 4101 10313
978 3256 15530
3256 978 15530
8577 8444 6328
8444 8577 6328
5401 1554 29179
1554 5401 29179
8741 4776 27225
4776 8741 27225
5829 8403 17998
8403 5829 17998
6679 4403 15139
4403 6679 15139
6285 7079 23130
7079 6285 23130
245 4472 17036
4472 245 17036
1408 1666 11676
1666 1408 11676
9638 1166 25991
1166 9638 25991
1139 455 31970
455 1139 31970
8970 1870 21287
1870 8970 21287
300 3653 4957
3653 300 4957
3707 556 22308
556 3707 22308
339 644 27001
644 339 27001
1422 7117 26287
7117 1422 26287
5241 9376 14508
9376 5241 14508
1139 547 24919
547 1139 24919
1151 3426 19953
3426 1151 19953
7851 6033 25331
6033 7851 25331
9845 6515 27830
6515 9845 27830
408 5204 9414
5204 408 9414
8444 7835 4704
7835 8444 4704
3041 9008 7002
9008 3041 7002
503 4127 28339
4127 503 28339
1190 6024 3018
6024 1190 3018
4859 2387 32703
2387 4859 32703
3044 320 3693
320 3044 3693
5191 8650 36
8650 5191 36
245 9145 11809
9145 245 11809
2802 9236 19654
9236 2802 19654
4236 1794 23207
1794 4236 23207
9296 6315 9038
6315 9296 9038
2908 637 2515
637 2908 2515
3325 7011 11526
7011 3325 11526
4124 9382 30331
9382 4124 30331
3621 785 16886
785 3621 16886
4031 3699 15716
3699 4031 15716
3896 7280 15943
7280 3896 15943
9693 6235 30630
6235 9693 30630
6071 1033 14429
1033 6071 14429
6523 596 12092
596 6523 12092
1167 938 28708
938 1167 28708
2278 4400 30135
4400 2278 30135
6614 393 126
393 6614 126
9348 918 20050
918 9348 20050
9350 1759 16867
1759 9350 16867
7295 9039 21467
9039 7295 21467
4876 8262 31110
8262 4876 31110
8171 8095 22559
8095 8171 22559
6727 2124 29337
2124 6727 29337
2053 4444 32236
4444 2053 32236
697 7372 1939
7372 697 1939
459 3464 20418
3464 459 20418
8512 220 32638
220 8512 32638
2445 4638 25788
4638 2445 25788
7117 7401 1969
7401 7117 1969
6193 6822 4719
6822 6193 4719
2760 5894 3213
5894 2760 3213
297 1703 17822
1703 297 17822
980 1876 21521
1876 980 21521
9208 3541 13597
3541 9208 13597
6014 4518 4960
4518 6014 4960
1666 3334 2358
3334 1666 2358
339 8383 21643
8383 339 21643
1906 8304 5998
8304 1906 5998
1422 2039 29769
2039 1422 29769
3494 1085 17794
1085 3494 17794
3812 1648 22358
1648 3812 22358
2910 5833 22497
5833 2910 22497
2146 1479 17844
1479 2146 17844
4866 770 12071
770 4866 12071
2823 2211 11782
2211 2823 11782
9257 7445 5431
7445 9257 5431
6024 9847 32187
9847 6024 32187
9016 1369 1536
1369 9016 1536
579 5359 19141
5359 579 19141
2298 1854 10530
1854 2298 10530
1906 531 21002
531 1906 21002
9348 1094 18659
1094 9348 18659
7132 7062 22997
7062 7132 22997
1926 4732 18484
4732 1926 18484
1915 7064 27125
7064 1915 27125
4957 9797 15542
9797 4957 15542
2848 9982 4934
9982 2848 4934
9008 6797 13061
6797 9008 13061
8845 9467 16087
9467 8845 16087
5327 6052 4786
6052 5327 4786
8008 4798 16627
4798 8008 16627
6822 312 25766
312 6822 25766
4749 6326 18092
6326 4749 18092
5680 1500 14837
1500 5680 14837
6858 2345 13505
2345 6858 13505
2756 736 27206
736 2756 27206
9797 7912 17649
7912 9797 17649
8650 9840 10318
9840 8650 10318
6300 7801 11035
7801 6300 11035
3428 9001 20514
9001 3428 20514
5503 6 23995
6 5503 23995
2600 7821 9796
7821 2600 9796
6476 87 21928
87 6476 21928
7178 9727 20401
9727 7178 20401
8145 4071 18198
4071 8145 18198
2408 1665 27239
1665 2408 27239
7280 817 2639
817 7280 2639
1114 4274 11024
4274 1114 11024
4915 3941 13472
3941 4915 13472
1703 5857 4059
5857 1703 4059
6804 3684 21100
3684 6804 21100
1151 4626 25003
4626 1151 25003
3764 3418 22885
3418 3764 22885
6193 4856 13345
4856 6193 13345
320 1028 22099
1028 320 22099
9039 7439 10796
7439 9039 10796
9779 5628 7164
5628 9779 7164
2866 7283 18471
7283 2866 18471
9769 7552 24837
7552 9769 24837
9516 4895 23976
4895 9516 23976
6505 836 22754
836 6505 22754
7627 3395 24722
3395 7627 24722
1777 8087 30769
8087 1777 30769
4317 2210 16391
2210 4317 16391
6409 8883 20245
8883 6409 20245
2498 1390 4426
1390 2498 4426
1873 3148 17517
3148 1873 17517
789 6722 20916
6722 789 20916
2849 5662 4852
5662 2849 4852
2070 2620 8263
2620 2070 8263
7117 2009 17844
2009 7117 17844
1126 1292 5766
1292 1126 5766
5003 2768 9045
2768 5003 9045
1667 1951 7066
1951 1667 7066
3812 5958 4131
5958 3812 4131
8963 3974 32237
3974 8963 32237
6311 3978 31976
3978 6311 31976
318 1128 7870
1128 318 7870
9851 2119 3311
2119 9851 3311
9681 9607 22624
9607 9681 22624
7283 3887 18379
3887 7283 18379
3941 8137 21279
8137 3941 21279
2849 6099 31658
6099 2849 31658
681 4564 1541
4564 681 1541
3851 3941 31597
3941 3851 31597
9625 4689 30699
4689 9625 30699
9816 4743 12214
4743 9816 12214
7995 1203 19105
1203 7995 19105
8649 8870 5287
8870 8649 5287
2257 4590 32024
4590 2257 32024
3926 1079 17929
1079 3926 17929
1621 7465 29378
7465 1621 29378
1976 4719 14871
4719 1976 14871
5223 8749 32181
8749 5223 32181
6192 7903 20258
7903 6192 20258
6351 3500 13867
3500 6351 13867
764 6817 27327
6817 764 27327
33 3326 9589
3326 33 9589
9133 7585 10571
7585 9133 10571
9827 6606 896
6606 9827 896
9239 3840 4831
3840 9239 4831
6790 7574 19832
7574 6790 19832
7318 2502 1808
2502 7318 1808
9225 1892 8498
1892 9225 8498
9352 233 8975
233 9352 8975
938 1418 23644
1418 938 23644
5183 4138 24063
4138 5183 24063
5903 4006 20396
4006 5903 20396
3358 9947 1439
9947 3358 1439
1450 5612 13699
5612 1450 13699
271 7628 14752
7628 271 14752
6605 9976 22717
9976 6605 22717
3934 1031 3635
1031 3934 3635
8145 4036 17318
4036 8145 17318
1102 1213 11959
1213 1102 11959
6911 6901 14408
6901 6911 14408
2567 8188 16281
8188 2567 16281
1245 2055 27290
2055 1245 27290
9032 6820 27320
6820 9032 27320
3764 9398 18987
9398 3764 18987
4431 3800 1005
3800 4431 1005
342 9687 27744
9687 342 27744
1870 9898 7050
9898 1870 7050
9035 5753 10604
5753 9035 10604
5503 8220 13039
8220 5503 13039
2697 9964 3443
9964 2697 3443
4030 9375 11136
9375 4030 11136
312 6058 11433
6058 312 11433
1387 2100 675
2100 1387 675
1483 6690 1101
6690 1483 1101
832 2110 3476
2110 832 3476
938 5078 11201
5078 938 11201
1929 5695 15914
5695 1929 15914
1270 3715 58
3715 1270 58
3386 2500 5606
2500 3386 5606
2600 5643 31422
5643 2600 31422
6014 1582 24288
1582 6014 24288
1665 4214 21345
4214 1665 21345
8860 263 6772
263 8860 6772
4008 7227 17926
7227 4008 17926
1715 410 25526
410 1715 25526
9762 7448 3087
7448 9762 3087
612 3000 22553
3000 612 22553
1151 2369 15298
2369 1151 15298
1663 3132 720
3132 1663 720
87 4182 2374
4182 87 2374
9026 5654 22475
5654 9026 22475
6858 824 11917
824 6858 11917
8403 1611 4450
1611 8403 4450
4776 6952 22149
6952 4776 22149
5310 9926 20496
9926 5310 20496
1767 8446 7520
8446 1767 7520
6701 3521 15815
3521 6701 15815
7064 2893 23257
2893 7064 23257
228 5714 16065
5714 228 16065
4411 8161 19645
8161 4411 19645
5046 6171 30690
6171 5046 30690
819 1436 10020
1436 819 10020
6348 1339 14082
1339 6348 14082
2231 0 23834
0 2231 23834
6150 584 9145
584 6150 9145
6606 3445 28587
3445 6606 28587
8741 757 8065
757 8741 8065
3531 1332 2703
1332 3531 2703
5223 6809 29263
6809 5223 29263
10063 4530 31974
4530 10063 31974
7837 6860 23790
6860 7837 23790
4081 8159 451
8159 4081 451
1854 4045 31937
4045 1854 31937
10049 5756 8067
5756 10049 8067
2866 7756 9402
7756 2866 9402
3840 7969 30227
7969 3840 30227
6605 3976 32163
3976 6605 32163
3627 241 29627
241 3627 29627
9845 3341 29714
3341 9845 29714
4285 7637 25860
7637 4285 25860
2821 8421 17564
8421 2821 17564
289 6948 32728
6948 289 32728
2894 3809 26398
3809 2894 26398
1422 8075 13035
8075 1422 13035
7969 2463 16447
2463 7969 16447
9599 5576 31238
5576 9599 31238
4237 874 27766
874 4237 27766
3568 5460 3290
5460 3568 3290
9769 9625 14892
9625 9769 14892
2977 7256 16729
7256 2977 16729
8749 787 4324
787 8749 4324
1151 5066 15309
5066 1151 15309
4066 5536 8551
5536 4066 8551
10049 1483 22047
1483 10049 22047
6128 4934 24416
4934 6128 24416
1301 3709 21780
3709 1301 21780
9416 3434 32504
3434 9416 32504
689 5631 23911
5631 689 23911
1139 5990 4424
5990 1139 4424
3394 4029 29699
4029 3394 29699
1203 2364 28867
2364 1203 28867
6690 9388 31697
9388 6690 31697
1408 9422 2783
9422 1408 2783
1166 557 26840
557 1166 26840
3738 5879 18089
5879 3738 18089
4247 1302 5016
1302 4247 5016
1020 7802 24585
7802 1020 24585
2945 2331 2284
2331 2945 2284
9816 3543 7647
3543 9816 7647
3132 1954 12764
1954 3132 12764
9993 2620 23875
2620 9993 23875
8185 4089 3101
4089 8185 3101
4638 4056 5773
4056 4638 5773
4066 8129 14132
8129 4066 14132
7658 391 20712
391 7658 20712
459 1580 9082
1580 459 9082
5046 3082 32681
3082 5046 32681
2237 5625 1907
5625 2237 1907
7445 763 4258
763 7445 4258
5879 3488 13616
3488 5879 13616
3395 2076 5397
2076 3395 5397
9049 801 19641
801 9049 19641
4566 644 30509
644 4566 30509
6421 8844 27060
8844 6421 27060
4029 339 11255
339 4029 11255
3044 9903 6589
9903 3044 6589
4736 7196 22099
7196 4736 22099
9257 1158 30257
1158 9257 30257
1369 8432 26969
8432 1369 26969
3896 497 30553
497 3896 30553
5894 4974 6435
4974 5894 6435
2039 3801 20532
3801 2039 20532
3531 106 24320
106 3531 24320
5472 1551 10582
1551 5472 10582
5576 705 4723
705 5576 4723
735 2657 13973
2657 735 13973
8383 3945 10897
3945 8383 10897
3295 9483 13945
9483 3295 13945
455 9604 13209
9604 455 13209
7589 4010 15272
4010 7589 15272
2811 1840 29409
1840 2811 29409
934 1475 32717
1475 934 32717
461 1608 10085
1608 461 10085
9422 8853 15524
8853 9422 15524
4214 8128 24475
8128 4214 24475
393 6221 29490
6221 393 29490
1789 8335 3425
8335 1789 3425
6235 9473 29267
9473 6235 29267
5886 1118 26392
1118 5886 26392
9220 8813 9509
8813 9220 9509
5183 9998 20811
9998 5183 20811
312 3498 1787
3498 312 1787
2934 4746 3706
4746 2934 3706
4736 4279 24017
4279 4736 24017
4423 3210 23251
3210 4423 23251
6456 870 23947
870 6456 23947
1667 4868 30730
4868 1667 30730
695 7095 25943
7095 695 25943
8161 4814 4497
4814 8161 4497
3709 4587 30217
4587 3709 30217
7741 1416 23507
1416 7741 23507
7801 206 7001
206 7801 7001
7465 3212 29001
3212 7465 29001
938 8003 6970
8003 938 6970
3150 7381 18046
7381 3150 18046
5862 746 9676
746 5862 9676
9607 678 10849
678 9607 10849
8289 9546 17811
9546 8289 17811
2149 6241 14960
6241 2149 14960
2181 5448 17150
5448 2181 17150
874 2663 2722
2663 874 2722
4720 7802 24416
7802 4720 24416
6337 1627 3873
1627 6337 3873
1186 9196 2789
9196 1186 2789
220 5011 10798
5011 220 10798
7903 4209 22066
4209 7903 22066
8893 6985 10943
6985 8893 10943
3327 9681 11177
9681 3327 11177
9794 7902 6337
7902 9794 6337
8101 3812 9613
3812 8101 9613
8446 3929 29187
3929 8446 29187
2211 5151 28020
5151 2211 28020
5405 2575 1835
2575 5405 1835
3395 2393 18130
2393 3395 18130
6420 2067 2642
2067 6420 2642
4270 678 2425
678 4270 2425
9105 4516 10509
4516 9105 10509
5011 2770 12905
2770 5011 12905
2408 2660 18967
2660 2408 18967
2022 3096 8258
3096 2022 8258
7704 3256 19155
3256 7704 19155
393 6780 24114
6780 393 24114
9868 2012 29534
2012 9868 29534
6485 4666 23358
4666 6485 23358
3469 1461 22513
1461 3469 22513
9409 8821 25902
8821 9409 25902
1139 1215 5301
1215 1139 5301
226 474 1418
474 226 1418
1002 8176 19809
8176 1002 19809
33 9394 17513
9394 33 17513
8270 6401 11327
6401 8270 11327
4066 255 10238
255 4066 10238
6348 4499 21596
4499 6348 21596
1196 1027 22826
1027 1196 22826
3256 5261 26905
5261 3256 26905
4868 4014 29819
4014 4868 29819
824 9377 343
9377 824 343
9578 1141 3166
1141 9578 3166
2146 3391 9968
3391 2146 9968
4279 7012 3187
7012 4279 3187
8458 7807 29504
7807 8458 29504
557 9005 22336
9005 557 22336
2055 8357 32739
8357 2055 32739
1553 9012 28344
9012 1553 28344
10066 7009 20218
7009 10066 20218
7339 5115 3405
5115 7339 3405
446 2147 4246
2147 446 4246
1118 3614 6281
3614 1118 6281
2231 8383 21269
8383 2231 21269
2240 2310 5990
2310 2240 5990
4411 7193 19094
7193 4411 19094
4736 3937 9689
3937 4736 9689
8844 5105 32721
5105 8844 32721
4684 8992 3142
8992 4684 3142
2826 962 28916
962 2826 28916
1128 1094 31970
1094 1128 31970
3934 1005 3925
1005 3934 3925
4719 7465 21031
7465 4719 21031
7465 3538 6940
3538 7465 6940
4045 5629 20713
5629 4045 20713
6939 8600 14891
8600 6939 14891
309 8955 13743
8955 309 13743
2638 9631 23029
9631 2638 23029
2110 7223 2131
7223 2110 2131
3614 391 1023
391 3614 1023
2893 265 8736
265 2893 8736
920 9852 23358
9852 920 23358
9005 4140 20968
4140 9005 20968
8893 239 3224
239 8893 3224
2057 8552 26304
8552 2057 26304
9239 5974 10024
5974 9239 10024
4005 9650 30054
9650 4005 30054
7556 4323 8471
4323 7556 8471
6780 3506 13701
3506 6780 13701
2363 3577 21551
3577 2363 21551
2461 3271 11081
3271 2461 11081
1301 8469 2414
8469 1301 2414
9348 4842 18180
4842 9348 18180
7704 6858 19773
6858 7704 19773
1111 6316 2008
6316 1111 2008
2240 6622 20002
6622 2240 20002
2544 4855 20379
4855 2544 20379
4876 9329 1536
9329 4876 1536
4332 1966 17779
1966 4332 17779
6244 1494 29252
1494 6244 29252
5343 285 12765
285 5343 12765
7163 2128 14731
2128 7163 14731
874 9752 31259
9752 874 31259
9546 799 23980
799 9546 23980
3653 4932 6717
4932 3653 6717
6170 3541 3883
3541 6170 3883
8304 9838 1089
9838 8304 1089
1203 6682 29559
6682 1203 29559
7851 8066 28670
8066 7851 28670
4008 1497 16779
1497 4008 16779
4450 7185 15059
7185 4450 15059
2210 6059 4292
6059 2210 4292
4423 1647 18266
1647 4423 18266
2502 7270 9227
7270 2502 9227
4031 1130 11396
1130 4031 11396
9467 5113 28586
5113 9467 28586
2849 8632 16624
8632 2849 16624
220 4155 8796
4155 220 8796
1500 8644 31323
8644 1500 31323
8133 6785 10876
6785 8133 10876
5445 7997 627
7997 5445 627
874 6288 5728
6288 874 5728
1085 4844 6526
4844 1085 6526
6817 6178 23360
6178 6817 23360
4444 371 13456
371 4444 13456
4720 6124 4160
6124 4720 4160
6865 7131 2111
7131 6865 2111
4400 8950 4972
8950 4400 4972
5972 9841 12831
9841 5972 12831
5932 1942 27853
1942 5932 27853
2792 3339 16999
3339 2792 16999
5472 5743 10210
5743 5472 10210
8552 6117 21645
6117 8552 21645
6285 8416 22043
8416 6285 22043
3358 7867 194
7867 3358 194
4783 328 3374
328 4783 3374
6171 1566 2441
1566 6171 2441
3755 2547 2651
2547 3755 2651
2663 305 4074
305 2663 4074
5120 8673 16382
8673 5120 16382
2663 9759 7661
9759 2663 7661
7802 4210 1273
4210 7802 1273
5241 8744 19031
8744 5241 19031
2084 144 30177
144 2084 30177
9035 655 27118
655 9035 27118
391 9209 26102
9209 391 26102
6009 785 423
785 6009 423
1590 34 4675
34 1590 4675
9816 6559 19079
6559 9816 19079
6192 3768 13190
3768 6192 13190
6326 7856 25386
7856 6326 25386
7870 4826 7080
4826 7870 7080
3171 64 5154
64 3171 5154
8672 7716 20973
7716 8672 20973
3577 6847 9136
6847 3577 9136
1553 881 11560
881 1553 11560
7448 6666 27272
6666 7448 27272
