10266 58172 6818
6818 7771 812
7771 6818 812
6818 3065 27152
3065 6818 27152
6818 7523 15530
7523 6818 15530
7771 8530 26405
8530 7771 26405
7523 3806 726
3806 7523 726
3065 7508 24481
7508 3065 24481
7523 8961 28890
8961 7523 28890
7523 6069 25266
6069 7523 25266
3065 6936 24595
6936 3065 24595
3065 6645 22448
6645 3065 22448
3065 7387 24391
7387 3065 24391
6936 541 4003
541 6936 4003
8961 1341 23560
1341 8961 23560
6818 9756 9344
9756 6818 9344
9756 3647 13816
3647 9756 13816
9756 2769 14543
2769 9756 14543
7771 8029 25243
8029 7771 25243
6818 9688 9655
9688 6818 9655
7771 5995 18551
5995 7771 18551
3806 5533 7853
5533 3806 7853
8530 4111 11950
4111 8530 11950
5533 6252 6443
6252 5533 6443
7508 2830 6743
2830 7508 6743
3647 5743 11331
5743 3647 11331
541 624 17728
624 541 17728
8029 4331 28395
4331 8029 28395
7387 8744 4584
8744 7387 4584
2830 8773 27983
8773 2830 27983
9756 5545 3780
5545 9756 3780
8029 4099 27793
4099 8029 27793
624 6663 20279
6663 624 20279
2830 2558 12727
2558 2830 12727
7523 4106 10945
4106 7523 10945
6252 631 11206
631 6252 11206
1341 2317 25420
2317 1341 25420
9688 9392 2606
9392 9688 2606
6936 906 22954
906 6936 22954
2769 5109 16405
5109 2769 16405
631 1176 25502
1176 631 25502
4331 5260 2599
5260 4331 2599
6069 1693 6399
1693 6069 6399
4106 162 4083
162 4106 4083
5995 1706 5594
1706 5995 5594
6645 7327 31486
7327 6645 31486
4099 553 19876
553 4099 19876
9688 4341 11535
4341 9688 11535
3065 9327 12245
9327 3065 12245
6663 2133 27748
2133 6663 27748
9688 6864 6273
6864 9688 6273
6663 8539 14294
8539 6663 14294
553 5009 26574
5009 553 26574
6663 4835 19979
4835 6663 19979
2317 6234 12634
6234 2317 12634
6663 2804 6730
2804 6663 6730
7771 6775 20712
6775 7771 20712
8539 6580 32403
6580 8539 32403
1341 7171 25583
7171 1341 25583
8029 905 9732
905 8029 9732
3065 9549 16358
9549 3065 16358
7771 9918 31667
9918 7771 31667
9549 5685 2903
5685 9549 2903
1176 7449 24965
7449 1176 24965
7508 9943 13351
9943 7508 13351
7523 5252 8107
5252 7523 8107
7771 1742 10137
1742 7771 10137
3065 2681 4293
2681 3065 4293
1176 3687 229
3687 1176 229
4099 4968 6120
4968 4099 6120
8029 4503 27019
4503 8029 27019
905 3529 17653
3529 905 17653
6818 6314 12969
6314 6818 12969
4099 8375 248
8375 4099 248
8375 255 20719
255 8375 20719
9918 1233 32663
1233 9918 32663
1693 9704 27922
9704 1693 27922
4111 1420 21425
1420 4111 21425
4106 8401 14539
8401 4106 14539
553 1468 13504
1468 553 13504
6069 5265 15558
5265 6069 15558
4968 170 3996
170 4968 3996
5685 1127 28168
1127 5685 28168
1176 84 14507
84 1176 14507
6314 9968 6583
9968 6314 6583
5533 6320 20135
6320 5533 20135
8961 3656 11342
3656 8961 11342
4968 4757 25730
4757 4968 25730
3647 1441 5530
1441 3647 5530
9943 10017 11787
10017 9943 11787
6314 6979 7454
6979 6314 7454
5265 363 32360
363 5265 32360
2317 1946 29349
1946 2317 29349
4968 5428 14458
5428 4968 14458
6645 1266 13616
1266 6645 13616
10017 2281 12489
2281 10017 12489
7387 1020 7816
1020 7387 7816
6818 761 15757
761 6818 15757
9918 9045 3086
9045 9918 3086
9943 3580 7397
3580 9943 7397
6818 2461 19885
2461 6818 19885
3065 9427 17004
9427 3065 17004
9427 2669 2545
2669 9427 2545
1742 5174 21658
5174 1742 21658
8744 9030 12978
9030 8744 12978
8539 7694 30654
7694 8539 30654
6320 8440 2011
8440 6320 2011
3647 1692 18290
1692 3647 18290
9392 10201 3622
10201 9392 3622
8539 8508 24787
8508 8539 24787
7523 772 15860
772 7523 15860
6979 4717 28396
4717 6979 28396
8401 9372 4739
9372 8401 4739
4503 9026 6159
9026 4503 6159
2681 9182 7209
9182 2681 7209
8375 10150 17934
10150 8375 17934
541 26 22636
26 541 22636
2669 4265 23705
4265 2669 23705
7771 7567 26883
7567 7771 26883
162 794 22570
794 162 22570
8029 9275 24359
9275 8029 24359
7449 6694 21828
6694 7449 21828
553 2231 17092
2231 553 17092
9549 3005 29423
3005 9549 29423
5174 266 21853
266 5174 21853
8375 9189 13501
9189 8375 13501
1266 3734 24264
3734 1266 24264
6775 9045 18356
9045 6775 18356
3065 8530 9744
8530 3065 9744
906 7681 10997
7681 906 10997
6979 7765 8985
7765 6979 8985
9549 5066 2048
5066 9549 2048
3806 2826 1500
2826 3806 1500
5109 1097 20433
1097 5109 20433
4341 9184 30291
9184 4341 30291
2231 9479 18780
9479 2231 18780
7449 5579 31857
5579 7449 31857
4265 6838 29456
6838 4265 29456
5533 4262 25018
4262 5533 25018
1097 2430 15452
2430 1097 15452
2231 9586 9808
9586 2231 9808
6069 10142 32124
10142 6069 32124
5579 6112 24984
6112 5579 24984
8401 495 747
495 8401 747
6818 5742 10948
5742 6818 10948
9918 6771 20307
6771 9918 20307
10017 3023 32732
3023 10017 32732
2430 209 12758
209 2430 12758
6771 6378 8740
6378 6771 8740
1693 6054 18423
6054 1693 18423
6818 3535 5360
3535 6818 5360
10142 9399 18844
9399 10142 18844
772 6252 26694
6252 772 26694
4106 8858 25301
8858 4106 25301
5066 2041 19162
2041 5066 19162
7387 4405 12915
4405 7387 12915
7171 5345 5958
5345 7171 5958
3529 7543 5522
7543 3529 5522
9189 882 16022
882 9189 16022
9189 6546 1949
6546 9189 1949
9688 4791 9848
4791 9688 9848
6645 682 23420
682 6645 23420
5533 9504 23474
9504 5533 23474
3535 1762 15852
1762 3535 15852
5174 1807 27050
1807 5174 27050
9504 238 6703
238 9504 6703
882 1932 20010
1932 882 20010
6320 6587 29075
6587 6320 29075
9399 3405 27806
3405 9399 27806
8530 4181 19334
4181 8530 19334
7327 1497 9860
1497 7327 9860
6314 3550 26415
3550 6314 26415
7694 9468 26311
9468 7694 26311
4968 1395 6340
1395 4968 6340
3806 6712 3119
6712 3806 3119
1176 8947 3093
8947 1176 3093
6252 10189 17218
10189 6252 17218
1020 3351 21250
3351 1020 21250
9427 3062 6680
3062 9427 6680
4099 8300 477
8300 4099 477
3580 168 30998
168 3580 30998
4503 1789 29915
1789 4503 29915
3005 6769 16782
6769 3005 16782
8947 4609 302
4609 8947 302
9704 4423 12208
4423 9704 12208
9184 7332 6486
7332 9184 6486
7694 8671 20312
8671 7694 20312
9184 898 8139
898 9184 8139
3806 584 27544
584 3806 27544
6979 10202 5139
10202 6979 5139
1742 2267 28435
2267 1742 28435
3005 1001 17885
1001 3005 17885
6694 166 16248
166 6694 16248
6069 511 5817
511 6069 5817
3647 4386 18640
4386 3647 18640
6252 10002 24194
10002 6252 24194
4099 7818 15695
7818 4099 15695
6054 7861 3999
7861 6054 3999
4423 7007 5357
7007 4423 5357
7543 6173 3991
6173 7543 3991
1932 8897 9201
8897 1932 9201
1807 1139 11704
1139 1807 11704
4609 7065 16947
7065 4609 16947
1762 1977 1217
1977 1762 1217
9392 3870 1218
3870 9392 1218
4262 9005 13764
9005 4262 13764
9275 2271 2608
2271 9275 2608
9756 6187 6593
6187 9756 6593
682 765 23987
765 682 23987
5174 1488 5300
1488 5174 5300
765 3873 4054
3873 765 4054
2281 8104 28665
8104 2281 28665
765 228 25468
228 765 25468
9005 7331 23389
7331 9005 23389
4341 942 25685
942 4341 25685
765 2911 15161
2911 765 15161
4111 582 30747
582 4111 30747
4111 10190 3936
10190 4111 3936
9030 8812 3637
8812 9030 3637
2461 267 20942
267 2461 20942
7331 3281 2444
3281 7331 2444
9399 7629 32088
7629 9399 32088
7818 7993 28342
7993 7818 28342
6694 3956 19404
3956 6694 19404
7694 9877 21705
9877 7694 21705
4423 163 30789
163 4423 30789
1706 6061 8555
6061 1706 8555
7681 3848 15770
3848 7681 15770
682 3545 18692
3545 682 18692
4609 7286 12856
7286 4609 12856
168 4342 12821
4342 168 12821
6979 323 22975
323 6979 22975
10202 6868 1827
6868 10202 1827
1742 6533 6719
6533 1742 6719
3023 7962 17596
7962 3023 17596
266 8053 1516
8053 266 1516
5345 2567 14715
2567 5345 14715
9427 3338 27539
3338 9427 27539
6663 3567 3092
3567 6663 3092
209 4039 12105
4039 209 12105
6818 1448 16337
1448 6818 16337
8053 1043 23039
1043 8053 23039
8812 7384 10766
7384 8812 10766
5995 925 27139
925 5995 27139
624 6397 27533
6397 624 27533
765 314 1939
314 765 1939
4835 1344 22204
1344 4835 22204
2558 7143 10261
7143 2558 10261
2461 6648 18496
6648 2461 18496
4757 4080 12170
4080 4757 12170
9275 445 26985
445 9275 26985
1693 7116 4949
7116 1693 4949
8029 1065 11352
1065 8029 11352
7007 3394 12919
3394 7007 12919
4835 838 8184
838 4835 8184
553 3042 22210
3042 553 22210
3394 9417 3617
9417 3394 3617
8947 5947 28598
5947 8947 28598
5265 375 16509
375 5265 16509
1468 3550 25356
3550 1468 25356
3005 9511 22783
9511 3005 22783
10189 9555 6162
9555 10189 6162
267 1545 28953
1545 267 28953
9327 6983 31332
6983 9327 31332
2804 7933 16106
7933 2804 16106
6234 5370 26034
5370 6234 26034
2830 2891 25114
2891 2830 25114
5533 8412 3974
8412 5533 3974
9392 3809 16937
3809 9392 16937
761 8928 25929
8928 761 25929
772 8408 9810
8408 772 9810
8440 1094 17411
1094 8440 17411
2830 6755 29522
6755 2830 29522
3848 8862 15485
8862 3848 15485
7171 8248 21943
8248 7171 21943
8029 1483 4562
1483 8029 4562
8375 8966 8065
8966 8375 8065
794 2689 6551
2689 794 6551
2041 1576 22075
1576 2041 22075
1692 2970 27673
2970 1692 27673
4342 7049 27351
7049 4342 27351
1807 9494 14444
9494 1807 14444
2567 1140 26349
1140 2567 26349
4111 8671 25400
8671 4111 25400
3647 9134 4918
9134 3647 4918
8812 4317 10378
4317 8812 10378
238 3486 18769
3486 238 18769
2430 7808 6167
7808 2430 6167
267 7969 22330
7969 267 22330
5109 775 16551
775 5109 16551
1341 1057 9467
1057 1341 9467
6580 3677 2736
3677 6580 2736
9756 2362 15738
2362 9756 15738
6864 6465 27461
6465 6864 27461
1065 1130 370
1130 1065 370
2281 5978 4062
5978 2281 4062
9026 7041 14335
7041 9026 14335
2558 4268 14506
4268 2558 14506
7332 7752 29251
7752 7332 29251
9943 3105 31335
3105 9943 31335
6252 8943 24580
8943 6252 24580
8947 6589 25087
6589 8947 25087
1420 7118 20835
7118 1420 20835
5978 1269 17224
1269 5978 17224
5345 5795 17904
5795 5345 17904
7332 4039 10693
4039 7332 10693
631 2143 9161
2143 631 9161
6712 791 15680
791 6712 15680
5742 1319 4496
1319 5742 4496
9189 4510 17792
4510 9189 17792
3567 828 1099
828 3567 1099
2430 1499 8095
1499 2430 8095
84 9636 28312
9636 84 28312
2430 6936 15518
6936 2430 15518
4111 2630 12473
2630 4111 12473
1742 7542 29775
7542 1742 29775
6580 2749 348
2749 6580 348
9704 5853 26793
5853 9704 26793
7116 763 5432
763 7116 5432
26 10214 13602
10214 26 13602
8947 1428 24522
1428 8947 24522
2911 7312 685
7312 2911 685
3873 4295 29152
4295 3873 29152
3529 8276 9309
8276 3529 9309
631 8815 19115
8815 631 19115
6187 4886 27114
4886 6187 27114
6936 2486 30359
2486 6936 30359
4181 4961 11397
4961 4181 11397
1468 472 8986
472 1468 8986
6936 651 4029
651 6936 4029
5109 6704 28975
6704 5109 28975
4099 9537 21353
9537 4099 21353
1441 8209 22596
8209 1441 22596
9399 2474 13516
2474 9399 13516
4503 1523 27070
1523 4503 27070
9504 5098 3184
5098 9504 3184
9586 5191 18785
5191 9586 18785
375 5838 25456
5838 375 25456
905 4333 18749
4333 905 18749
7384 7216 30243
7216 7384 30243
2804 6798 22514
6798 2804 22514
3806 1051 21351
1051 3806 21351
8053 6986 26212
6986 8053 26212
84 2574 20221
2574 84 20221
7387 5033 9788
5033 7387 9788
3545 2457 8889
2457 3545 8889
7286 3999 5316
3999 7286 5316
363 3162 11633
3162 363 11633
2769 1335 15876
1335 2769 15876
162 383 4074
383 162 4074
763 5166 4645
5166 763 4645
772 5163 18236
5163 772 18236
9494 5173 7051
5173 9494 7051
7049 4298 8546
4298 7049 8546
9549 7304 28194
7304 9549 28194
8947 3594 21485
3594 8947 21485
7041 3417 22732
3417 7041 22732
4331 2706 26136
2706 4331 26136
3162 1881 18433
1881 3162 18433
2630 2293 22193
2293 2630 22193
3105 5960 29940
5960 3105 29940
375 3289 15237
3289 375 15237
1176 7432 32471
7432 1176 32471
10202 5230 23394
5230 10202 23394
7065 856 29729
856 7065 29729
1441 9932 17608
9932 1441 17608
5545 4528 12252
4528 5545 12252
4295 8178 29394
8178 4295 29394
7543 6575 21343
6575 7543 21343
7041 5770 32533
5770 7041 32533
1139 4248 7947
4248 1139 7947
9504 7805 31316
7805 9504 31316
8947 6424 3295
6424 8947 3295
9549 7019 8035
7019 9549 8035
942 4696 26110
4696 942 26110
5685 3072 31372
3072 5685 31372
4696 9255 10361
9255 4696 10361
5770 3186 9556
3186 5770 9556
2461 7325 1287
7325 2461 1287
1483 6411 10616
6411 1483 10616
4039 2526 5220
2526 4039 5220
9586 6047 20327
6047 9586 20327
5370 1597 12946
1597 5370 12946
1319 3150 23485
3150 1319 23485
8508 2733 16948
2733 8508 16948
4386 6283 23645
6283 4386 23645
3042 6353 1209
6353 3042 1209
7143 3917 28982
3917 7143 28982
1977 519 17427
519 1977 17427
6173 650 17896
650 6173 17896
10201 7079 20776
7079 10201 20776
7327 9540 2233
9540 7327 2233
5853 3066 26179
3066 5853 26179
6575 9372 24730
9372 6575 24730
9182 4436 24371
4436 9182 24371
582 5595 1836
5595 582 1836
8408 7792 212
7792 8408 212
7143 2531 3339
2531 7143 3339
1344 1443 18485
1443 1344 18485
4333 9046 15816
9046 4333 15816
2271 4202 32161
4202 2271 32161
9688 364 26188
364 9688 26188
7993 638 8746
638 7993 8746
5428 6958 15275
6958 5428 15275
5838 907 20111
907 5838 20111
519 5220 6540
5220 519 6540
1443 10218 20623
10218 1443 20623
7765 840 5796
840 7765 5796
8966 561 20489
561 8966 20489
4039 5091 21256
5091 4039 21256
1420 1504 6009
1504 1420 6009
8858 6431 14138
6431 8858 14138
2681 9439 21430
9439 2681 21430
898 2755 27703
2755 898 27703
166 8541 19700
8541 166 19700
8961 7347 29693
7347 8961 29693
170 3447 20349
3447 170 20349
3870 8364 18230
8364 3870 18230
9427 703 17566
703 9427 17566
3042 3763 2065
3763 3042 2065
541 1396 27834
1396 541 27834
8539 730 881
730 8539 881
3580 6126 20867
6126 3580 20867
582 8862 12535
8862 582 12535
882 5454 29633
5454 882 29633
9189 9289 30610
9289 9189 30610
6864 7450 31290
7450 6864 31290
228 363 32669
363 228 32669
3066 9988 20371
9988 3066 20371
2804 9977 7342
9977 2804 7342
7312 1312 15168
1312 7312 15168
6112 1303 10408
1303 6112 10408
10202 7871 9695
7871 10202 9695
1692 3816 22189
3816 1692 22189
3065 9869 29587
9869 3065 29587
3677 3934 24576
3934 3677 24576
7765 10230 16187
10230 7765 16187
6589 2246 17914
2246 6589 17914
9327 8276 22418
8276 9327 22418
925 2994 2973
2994 925 2973
1977 7489 15266
7489 1977 15266
5454 2830 3692
2830 5454 3692
3816 4868 1555
4868 3816 1555
2271 1841 22928
1841 2271 22928
761 3402 20273
3402 761 20273
925 2502 16243
2502 925 16243
8966 2684 7110
2684 8966 7110
631 5722 1364
5722 631 1364
2143 981 797
981 2143 797
4528 8683 18822
8683 4528 18822
163 905 24777
905 163 24777
10201 7127 22613
7127 10201 22613
3656 4093 14072
4093 3656 14072
4386 5822 11467
5822 4386 11467
2474 539 27787
539 2474 27787
4331 1535 12737
1535 4331 12737
8541 5205 24100
5205 8541 24100
8530 2383 19719
2383 8530 19719
3647 2756 23525
2756 3647 23525
6173 2948 8590
2948 6173 8590
2231 5721 13719
5721 2231 13719
4181 1663 5832
1663 4181 5832
791 5699 30069
5699 791 30069
925 3991 25291
3991 925 25291
7508 5797 28112
5797 7508 28112
6769 6510 25041
6510 6769 25041
7681 1941 22589
1941 7681 22589
2133 5076 16683
5076 2133 16683
6126 8531 1305
8531 6126 1305
6771 5556 15558
5556 6771 15558
4510 8882 4221
8882 4510 4221
4835 7356 13774
7356 4835 13774
6546 10136 19966
10136 6546 19966
1319 6758 3608
6758 1319 3608
1499 8361 11981
8361 1499 11981
9372 318 18258
318 9372 18258
8671 9906 24077
9906 8671 24077
5205 7884 13874
7884 5205 13874
9555 2589 15741
2589 9555 15741
4099 3392 31001
3392 4099 31001
6936 602 24782
602 6936 24782
375 6458 7907
6458 375 7907
4386 6301 12337
6301 4386 12337
4295 8500 21980
8500 4295 21980
7861 9755 2821
9755 7861 2821
1139 5467 25614
5467 1139 25614
5699 946 10679
946 5699 10679
6755 6397 24944
6397 6755 24944
6397 3618 10790
3618 6397 10790
5066 7638 401
7638 5066 401
7629 166 13355
166 7629 13355
4717 3057 32214
3057 4717 32214
8671 8600 3096
8600 8671 3096
2461 1153 12914
1153 2461 12914
2769 7134 18253
7134 2769 18253
3545 2390 3977
2390 3545 3977
2749 7649 15150
7649 2749 15150
2281 8202 27983
8202 2281 27983
3618 1178 14625
1178 3618 14625
9255 5676 27907
5676 9255 27907
3809 9756 19042
9756 3809 19042
5191 5334 10759
5334 5191 10759
5173 2749 29896
2749 5173 29896
1693 2455 26000
2455 1693 26000
3062 202 11732
202 3062 11732
3550 1451 23716
1451 3550 23716
8375 7892 5022
7892 8375 5022
5770 4394 27479
4394 5770 27479
7134 4239 23426
4239 7134 23426
6252 4219 20876
4219 6252 20876
5033 7520 13460
7520 5033 13460
3656 8830 11429
8830 3656 11429
9906 202 12359
202 9906 12359
7884 1983 22248
1983 7884 22248
6979 662 11726
662 6979 11726
1443 1584 10364
1584 1443 10364
4868 4062 21785
4062 4868 21785
5066 4694 24403
4694 5066 24403
5545 645 29824
645 5545 29824
9399 6554 2651
6554 9399 2651
4394 4880 8318
4880 4394 8318
925 6016 2502
6016 925 2502
2526 4187 22277
4187 2526 22277
9968 3811 22863
3811 9968 22863
553 8892 12367
8892 553 12367
6283 523 15043
523 6283 15043
9439 3319 25920
3319 9439 25920
9756 3282 17978
3282 9756 17978
6979 9809 14256
9809 6979 14256
5345 3398 12992
3398 5345 12992
8862 6486 9015
6486 8862 9015
9182 1787 9569
1787 9182 9569
9540 2117 15695
2117 9540 15695
8539 2894 19925
2894 8539 19925
8530 6291 25069
6291 8530 25069
202 4648 24380
4648 202 24380
1504 8986 17884
8986 1504 17884
3550 7295 22697
7295 3550 22697
9417 8687 23167
8687 9417 23167
10218 9486 25721
9486 10218 25721
6575 9790 9928
9790 6575 9928
9756 195 9881
195 9756 9881
9289 5322 26497
5322 9289 26497
3734 2655 29009
2655 3734 29009
650 4921 32064
4921 650 32064
2041 4507 21802
4507 2041 21802
1001 3937 30874
3937 1001 30874
3956 7704 11278
7704 3956 11278
761 4619 1388
4619 761 1388
7694 1107 26801
1107 7694 26801
10136 77 7261
77 10136 7261
6353 288 27356
288 6353 27356
6465 2280 19940
2280 6465 19940
8440 90 11840
90 8440 11840
6979 235 15466
235 6979 15466
906 3186 11471
3186 906 11471
2574 3901 882
3901 2574 882
2455 6926 3795
6926 2455 3795
3417 3038 26565
3038 3417 26565
907 8509 4661
8509 907 4661
3486 3668 20750
3668 3486 20750
4696 6241 16314
6241 4696 16314
255 3174 18294
3174 255 18294
4248 909 24605
909 4248 24605
8539 3784 4118
3784 8539 4118
6979 6747 31817
6747 6979 31817
6241 2004 6497
2004 6241 6497
6397 8764 23335
8764 6397 23335
9756 1616 17613
1616 9756 17613
3529 751 13502
751 3529 13502
166 6733 19815
6733 166 19815
3105 3892 1422
3892 3105 1422
8683 8044 8983
8044 8683 8983
2756 7753 24178
7753 2756 24178
8440 9541 8381
9541 8440 8381
4880 7520 3186
7520 4880 3186
3392 8578 6001
8578 3392 6001
495 6211 20803
6211 495 20803
7933 1948 21387
1948 7933 21387
3550 1973 28778
1973 3550 28778
1941 1333 4150
1333 1941 4150
4342 10182 24128
10182 4342 24128
761 6822 21703
6822 761 21703
10202 3443 13641
3443 10202 13641
7805 8171 784
8171 7805 784
7041 7714 2966
7714 7041 2966
3351 7102 83
7102 3351 83
10189 4279 9519
4279 10189 9519
168 8234 27323
8234 168 27323
1535 1940 8634
1940 1535 8634
2706 6041 19285
6041 2706 19285
7118 6267 29395
6267 7118 29395
539 4040 14593
4040 539 14593
2117 5094 30167
5094 2117 30167
5685 4430 31447
4430 5685 31447
7681 7367 18191
7367 7681 18191
3656 9168 30961
9168 3656 30961
8961 10095 7546
10095 8961 7546
6580 2024 16542
2024 6580 16542
1692 2305 1452
2305 1692 1452
905 5319 7521
5319 905 7521
1107 8299 30587
8299 1107 30587
3443 2981 23119
2981 3443 23119
7286 3537 21871
3537 7286 21871
6486 8054 14247
8054 6486 14247
7079 4966 13870
4966 7079 13870
1065 1774 3775
1774 1065 3775
2231 8373 14179
8373 2231 14179
5191 3948 4755
3948 5191 4755
8966 6261 22218
6261 8966 22218
4694 6426 9625
6426 4694 9625
8943 5689 14696
5689 8943 14696
2004 9709 28079
9709 2004 28079
8053 2847 12825
2847 8053 12825
6301 868 13622
868 6301 13622
2689 2041 4091
2041 2689 4091
541 3476 21689
3476 541 21689
9005 4784 4705
4784 9005 4705
7792 1986 25272
1986 7792 25272
6775 3069 9031
3069 6775 9031
8299 4860 20321
4860 8299 20321
4080 1194 31377
1194 4080 31377
2143 8954 28776
8954 2143 28776
3763 343 23405
343 3763 23405
2689 2188 25919
2188 2689 25919
8401 9927 2735
9927 8401 2735
981 3938 13905
3938 981 13905
3405 4162 14351
4162 3405 14351
3806 3540 12823
3540 3806 12823
7134 5037 11648
5037 7134 11648
8943 9457 24860
9457 8943 24860
2706 608 32546
608 2706 32546
703 7596 1615
7596 703 1615
838 8550 31609
8550 838 31609
1094 3759 4910
3759 1094 4910
1344 632 3828
632 1344 3828
1597 9737 20400
9737 1597 20400
1483 1572 32486
1572 1483 32486
1097 5913 17407
5913 1097 17407
2681 9280 8059
9280 2681 8059
323 1313 18012
1313 323 18012
6353 6869 17752
6869 6353 17752
4394 3269 31165
3269 4394 31165
3162 2237 32479
2237 3162 32479
7753 9258 6671
9258 7753 6671
2293 4610 27219
4610 2293 27219
3038 139 14625
139 3038 14625
8234 3605 5450
3605 8234 5450
2041 6745 7065
6745 2041 7065
4961 1039 1848
1039 4961 1848
4219 3757 18320
3757 4219 18320
4333 4596 15343
4596 4333 15343
6936 376 7835
376 6936 7835
9255 4596 13423
4596 9255 13423
9327 7250 7029
7250 9327 7029
1153 3794 13144
3794 1153 13144
5370 560 3969
560 5370 3969
1523 988 2008
988 1523 2008
7331 8638 5852
8638 7331 5852
1178 7828 17652
7828 1178 17652
6458 8039 31167
8039 6458 31167
3529 9431 15476
9431 3529 15476
6267 5719 26707
5719 6267 26707
5428 9710 23520
9710 5428 23520
1020 7132 31311
7132 1020 31311
163 1310 28495
1310 163 28495
1039 1801 11773
1801 1039 11773
7143 9105 8436
9105 7143 8436
5265 9781 23146
9781 5265 23146
9504 297 7600
297 9504 7600
6936 1663 14071
1663 6936 14071
9755 7400 26129
7400 9755 26129
1535 9907 20101
9907 1535 20101
9026 1057 20612
1057 9026 20612
6411 10197 32494
10197 6411 32494
6465 2622 27817
2622 6465 27817
1692 9445 5518
9445 1692 5518
4596 7111 8454
7111 4596 8454
838 2847 16385
2847 838 16385
5545 456 21390
456 5545 21390
7118 5095 29800
5095 7118 29800
6241 2941 691
2941 6241 691
7019 3897 14036
3897 7019 14036
9877 4814 14335
4814 9877 14335
7007 6449 18851
6449 7007 18851
6747 1098 32364
1098 6747 32364
1344 9867 29940
9867 1344 29940
7134 1819 21999
1819 7134 21999
3443 2939 13695
2939 3443 13695
8361 4604 19180
4604 8361 19180
4040 3996 23922
3996 4040 23922
3605 1342 13208
1342 3605 13208
7969 3867 4643
3867 7969 4643
8897 9231 28269
9231 8897 28269
6061 8200 10170
8200 6061 10170
6986 3857 9279
3857 6986 9279
139 9860 14361
9860 139 14361
5163 2079 21909
2079 5163 21909
5995 3513 1203
3513 5995 1203
77 4967 11849
4967 77 11849
162 6001 19213
6001 162 19213
8053 2765 2982
2765 8053 2982
7542 340 16924
340 7542 16924
9046 862 8318
862 9046 8318
5685 5147 2758
5147 5685 2758
9860 1484 32742
1484 9860 32742
8209 2920 2086
2920 8209 2086
6822 8764 25244
8764 6822 25244
1107 8213 25701
8213 1107 25701
3848 890 1099
890 3848 1099
4093 4493 3405
4493 4093 3405
5252 91 19743
91 5252 19743
9586 4711 16348
4711 9586 16348
6241 10144 29034
10144 6241 29034
9457 2792 23675
2792 9457 23675
7065 4798 5198
4798 7065 5198
1881 7044 17840
7044 1881 17840
4099 3025 7073
3025 4099 7073
5334 2091 2398
2091 5334 2398
9399 7448 4745
7448 9399 4745
6041 7704 6386
7704 6041 6386
7102 5147 1411
5147 7102 1411
8671 9266 28425
9266 8671 28425
375 9506 32209
9506 375 32209
4619 10061 16762
10061 4619 16762
4040 7854 31619
7854 4040 31619
3443 365 21705
365 3443 21705
541 9594 21655
9594 541 21655
8671 130 16997
130 8671 16997
1094 4518 1252
4518 1094 1252
3996 1707 5449
1707 3996 5449
1310 6059 3529
6059 1310 3529
6261 7607 6354
7607 6261 6354
9026 9497 21984
9497 9026 21984
9540 2260 9193
2260 9540 9193
3938 9300 22554
9300 3938 22554
8054 6403 7896
6403 8054 7896
8178 9236 12054
9236 8178 12054
3072 1207 3162
1207 3072 3162
7542 846 29841
846 7542 29841
1941 691 3786
691 1941 3786
6061 269 22073
269 6061 22073
6126 3364 18558
3364 6126 18558
10182 7040 30804
7040 10182 30804
9497 876 8878
876 9497 8878
7400 2433 5110
2433 7400 5110
6403 4238 2174
4238 6403 2174
561 475 437
475 561 437
10095 3432 3066
3432 10095 3066
3917 9363 25381
9363 3917 25381
4610 3204 18731
3204 4610 18731
6059 5855 11389
5855 6059 11389
2558 1917 16272
1917 2558 16272
7508 2267 15667
2267 7508 15667
4106 1696 21657
1696 4106 21657
6533 6977 20856
6977 6533 20856
7523 3754 20988
3754 7523 20988
5345 5644 12239
5644 5345 12239
898 1649 2297
1649 898 2297
772 9435 23872
9435 772 23872
6353 4275 24556
4275 6353 24556
6486 9689 10195
9689 6486 10195
195 2452 439
2452 195 439
4436 8898 19021
8898 4436 19021
4317 50 16111
50 4317 16111
9030 1769 7540
1769 9030 7540
2826 8551 32468
8551 2826 32468
2804 1991 2621
1991 2804 2621
6291 5552 29297
5552 6291 29297
9327 29 3501
29 9327 3501
988 3346 9860
3346 988 9860
2792 3262 27232
3262 2792 27232
6465 1284 8438
1284 6465 8438
4968 10176 27880
10176 4968 27880
942 952 32011
952 942 32011
3066 4303 16262
4303 3066 16262
682 2031 1430
2031 682 1430
4835 6088 32494
6088 4835 32494
3759 6729 11988
6729 3759 11988
5166 1190 25868
1190 5166 25868
7041 4336 6585
4336 7041 6585
2280 10116 16400
10116 2280 16400
519 4480 2258
4480 519 2258
2948 8075 23332
8075 2948 23332
6747 6742 29459
6742 6747 29459
9255 6959 19350
6959 9255 19350
828 619 15131
619 828 15131
9709 6294 4196
6294 9709 4196
7118 3853 4577
3853 7118 4577
1176 10138 27496
10138 1176 27496
6267 5864 16834
5864 6267 16834
4648 9369 8850
9369 4648 8850
7681 605 7012
605 7681 7012
608 3138 15610
3138 608 15610
763 4961 4084
4961 763 4084
9182 6826 8877
6826 9182 8877
1451 4646 15518
4646 1451 15518
1127 8695 6012
8695 1127 6012
3069 3015 22869
3015 3069 22869
9756 4868 10302
4868 9756 10302
2891 5659 12619
5659 2891 12619
4202 9868 8002
9868 4202 8002
364 8652 5532
8652 364 5532
3934 4467 16352
4467 3934 16352
9943 4992 11042
4992 9943 11042
1303 1665 12913
1665 1303 12913
1991 5888 6765
5888 1991 6765
9372 6651 270
6651 9372 270
2630 7269 5452
7269 2630 5452
6663 5014 6890
5014 6663 6890
9026 9784 26486
9784 9026 26486
6704 6784 22315
6784 6704 22315
7049 4987 28709
4987 7049 28709
840 95 12667
95 840 12667
6589 4747 204
4747 6589 204
4336 9521 18902
9521 4336 18902
3594 5174 16689
5174 3594 16689
840 495 24131
495 840 24131
8943 7831 29575
7831 8943 29575
2502 649 20591
649 2502 20591
5322 1983 21345
1983 5322 21345
9506 5272 8806
5272 9506 8806
3937 3695 24731
3695 3937 24731
2804 2148 31972
2148 2804 31972
4528 3089 17286
3089 4528 17286
8764 2284 5874
2284 8764 5874
7367 5118 10745
5118 7367 10745
6838 8571 2497
8571 6838 2497
318 804 5397
804 318 5397
5265 5406 3344
5406 5265 3344
7040 7390 7653
7390 7040 7653
6424 7713 6007
7713 6424 6007
4298 8737 19228
8737 4298 19228
166 30 15213
30 166 15213
3677 7197 15514
7197 3677 15514
7969 4356 9451
4356 7969 9451
2433 9912 16772
9912 2433 16772
9231 4317 9450
4317 9231 9450
5864 1178 29723
1178 5864 29723
6054 9293 3905
9293 6054 3905
3996 8725 17033
8725 3996 17033
9105 787 9347
787 9105 9347
3991 3677 28251
3677 3991 28251
6712 6043 9450
6043 6712 9450
8248 5683 5238
5683 8248 5238
6742 6196 19069
6196 6742 19069
5722 5623 19856
5623 5722 19856
8248 8966 6123
8966 8248 6123
4528 7981 31652
7981 4528 31652
8858 10226 30419
10226 8858 30419
6016 3650 29396
3650 6016 29396
2756 587 23407
587 2756 23407
3038 2716 27828
2716 3038 27828
3015 4674 23777
4674 3015 23777
3443 1266 11005
1266 3443 11005
9988 4003 14480
4003 9988 14480
9372 8469 27403
8469 9372 27403
3938 5092 23634
5092 3938 23634
1986 10094 23997
10094 1986 23997
602 5480 9825
5480 602 9825
343 1831 20366
1831 343 20366
30 2638 23366
2638 30 23366
7347 7526 6908
7526 7347 6908
6041 5637 12606
5637 6041 12606
5147 5485 29598
5485 5147 29598
8966 6703 3527
6703 8966 3527
5659 2314 8820
2314 5659 8820
6784 3593 32087
3593 6784 32087
5795 8945 31830
8945 5795 31830
1468 1605 22126
1605 1468 22126
9906 5798 16782
5798 9906 16782
5644 2502 12410
2502 5644 12410
2681 7748 16899
7748 2681 16899
5689 8291 11344
8291 5689 11344
8830 8537 9084
8537 8830 9084
1001 1169 20256
1169 1001 20256
6043 5879 4068
5879 6043 4068
1057 6819 12846
6819 1057 12846
5879 1659 28567
1659 5879 28567
2769 1797 22715
1797 2769 22715
1020 2382 14371
2382 1020 14371
7049 1016 27357
1016 7049 27357
5322 215 20986
215 5322 20986
6047 1243 12093
1243 6047 12093
8687 9781 14354
9781 8687 14354
376 6667 14066
6667 376 14066
6016 5517 19039
5517 6016 19039
170 3719 5612
3719 170 5612
5345 2170 26793
2170 5345 26793
3794 4277 1970
4277 3794 1970
8578 3613 23865
3613 8578 23865
3677 6254 21348
6254 3677 21348
2911 9509 30527
9509 2911 30527
4262 4114 29496
4114 4262 29496
765 8648 785
8648 765 785
2589 6956 17132
6956 2589 17132
2756 172 8840
172 2756 8840
868 9491 5607
9491 868 5607
5822 6653 29221
6653 5822 29221
6745 2049 24829
2049 6745 24829
1649 8354 30671
8354 1649 30671
2567 8671 27922
8671 2567 27922
7704 8742 7742
8742 7704 7742
761 3962 7952
3962 761 7952
2474 284 3188
284 2474 3188
8300 6365 5865
6365 8300 5865
202 6423 2769
6423 202 2769
8300 5395 2727
5395 8300 2727
4275 1804 28583
1804 4275 28583
10138 2183 9127
2183 10138 9127
523 2845 19289
2845 523 19289
9184 7292 5021
7292 9184 5021
8550 9282 20581
9282 8550 20581
2567 4337 25593
4337 2567 25593
7871 2397 19955
2397 7871 19955
5322 4839 32177
4839 5322 32177
376 7504 5043
7504 376 5043
4493 8471 24752
8471 4493 24752
8652 148 19514
148 8652 19514
4528 9204 18769
9204 4528 18769
7331 5277 22298
5277 7331 22298
8200 3893 26538
3893 8200 26538
9045 3191 32356
3191 9045 32356
1342 4183 8099
4183 1342 8099
3816 4245 7010
4245 3816 7010
952 221 23037
221 952 23037
3346 6948 27805
6948 3346 27805
3069 6757 3545
6757 3069 3545
8291 3899 5010
3899 8291 5010
2457 5669 10085
5669 2457 10085
7127 5064 31395
5064 7127 31395
2430 8656 7093
8656 2430 7093
3956 5266 21542
5266 3956 21542
5265 2843 8944
2843 5265 8944
5556 6562 2466
6562 5556 2466
4183 1951 2394
1951 4183 2394
9369 2172 24210
2172 9369 24210
8683 5721 7399
5721 8683 7399
6403 947 19537
947 6403 19537
6769 364 16469
364 6769 16469
3191 5019 17655
5019 3191 17655
3005 5609 28159
5609 3005 28159
5118 7750 10573
7750 5118 10573
2531 8577 17386
8577 2531 17386
5995 1564 25124
1564 5995 25124
4114 9706 24511
9706 4114 24511
6926 3849 18356
3849 6926 18356
10116 2545 11427
2545 10116 11427
9236 9753 25039
9753 9236 25039
84 294 7732
294 84 7732
8764 2443 8709
2443 8764 8709
9457 9219 31510
9219 9457 31510
8961 7442 5396
7442 8961 5396
4268 9072 7891
9072 4268 7891
5995 8806 15159
8806 5995 15159
9988 2034 19958
2034 9988 19958
582 2313 20270
2313 582 20270
862 776 10414
776 862 10414
9289 9700 21015
9700 9289 21015
6587 5033 18269
5033 6587 18269
7805 274 18036
274 7805 18036
1605 1467 27098
1467 1605 27098
1130 10 12006
10 1130 12006
5037 4699 11607
4699 5037 11607
6926 3845 13717
3845 6926 13717
166 3384 17951
3384 166 17951
1443 566 26419
566 1443 26419
8882 1893 4529
1893 8882 4529
7007 3318 14615
3318 7007 14615
6320 5910 19169
5910 6320 19169
3338 3075 13301
3075 3338 13301
5266 9548 3331
9548 5266 3331
9293 3743 9485
3743 9293 9485
10176 2877 29774
2877 10176 29774
7041 7882 13803
7882 7041 13803
5879 8313 22779
8313 5879 22779
6986 2389 20247
2389 6986 20247
163 1389 12232
1389 163 12232
1973 9518 17464
9518 1973 17464
9781 4855 21995
4855 9781 21995
6979 721 2207
721 6979 2207
7969 5979 18325
5979 7969 18325
8053 2091 8505
2091 8053 8505
6694 9675 18325
9675 6694 18325
9289 1206 17745
1206 9289 17745
4886 7462 9156
7462 4886 9156
2948 7255 12714
7255 2948 12714
8234 5306 21813
5306 8234 21813
3695 2554 10715
2554 3695 10715
10182 2255 3170
2255 10182 3170
4187 6848 4600
6848 4187 4600
5266 3170 6351
3170 5266 6351
5454 682 32485
682 5454 32485
6818 2221 22749
2221 6818 22749
4699 7214 9704
7214 4699 9704
2749 5409 18874
5409 2749 18874
3899 1086 17491
1086 3899 17491
4992 2012 14519
2012 4992 14519
4245 5531 32360
5531 4245 32360
475 6242 20077
6242 475 20077
3996 872 24761
872 3996 24761
5552 1236 367
1236 5552 367
4262 1876 12724
1876 4262 12724
363 360 16776
360 363 16776
3938 5467 10527
5467 3938 10527
8440 9459 11692
9459 8440 11692
6301 1888 429
1888 6301 429
1484 4221 13861
4221 1484 13861
1787 7012 15606
7012 1787 15606
8656 7761 31147
7761 8656 31147
2669 2872 27765
2872 2669 27765
3870 4880 18272
4880 3870 18272
6977 4828 29273
4828 6977 29273
6648 1296 18667
1296 6648 18667
2172 6186 846
6186 2172 846
2237 9573 16164
9573 2237 16164
5669 563 20104
563 5669 20104
7543 19 16662
19 7543 16662
4265 562 9140
562 4265 9140
10 8443 24632
8443 10 24632
541 8876 18081
8876 541 18081
1696 34 17969
34 1696 17969
6745 3774 28344
3774 6745 28344
765 1137 8072
1137 765 8072
9869 9134 17567
9134 9869 17567
1932 2107 17414
2107 1932 17414
4336 4332 6814
4332 4336 6814
3338 4281 22712
4281 3338 22712
2433 5379 11416
5379 2433 11416
862 3549 28881
3549 862 28881
3075 6665 31418
6665 3075 31418
1605 4222 18918
4222 1605 18918
5556 1199 24114
1199 5556 24114
562 1281 29994
1281 562 29994
5322 8392 22919
8392 5322 22919
7520 6511 25278
6511 7520 25278
9369 8546 28262
8546 9369 28262
8044 6961 9522
6961 8044 9522
9988 5825 264
5825 9988 264
6769 9201 12995
9201 6769 12995
5092 5696 5497
5696 5092 5497
2830 3006 14081
3006 2830 14081
9491 5111 3427
5111 9491 3427
6252 852 731
852 6252 731
2970 8110 3383
8110 2970 3383
4828 1973 8782
1973 4828 8782
4295 6465 26043
6465 4295 26043
6403 591 26140
591 6403 26140
2267 2282 23408
2282 2267 23408
1991 9310 5471
9310 1991 5471
3656 74 30541
74 3656 30541
4181 2714 19926
2714 4181 19926
5685 1842 17591
1842 5685 17591
10150 1041 11059
1041 10150 11059
3901 6676 3790
6676 3901 3790
1139 2263 27872
2263 1139 27872
7127 6087 25433
6087 7127 25433
360 316 20206
316 360 20206
4967 9135 27651
9135 4967 27651
840 4283 30247
4283 840 30247
3174 9651 7836
9651 3174 7836
1707 1864 30852
1864 1707 30852
1312 2231 27552
2231 1312 27552
2237 233 627
233 2237 627
9182 3706 32313
3706 9182 32313
638 530 11945
530 638 11945
3754 9800 25445
9800 3754 25445
9756 9593 10619
9593 9756 10619
3849 6135 5659
6135 3849 5659
1977 4711 31223
4711 1977 31223
5609 10121 3191
10121 5609 3191
2941 417 6700
417 2941 6700
162 8188 1624
8188 162 1624
8054 1058 13664
1058 8054 13664
2981 1752 6139
1752 2981 6139
6956 6389 15924
6389 6956 15924
84 2087 19311
2087 84 19311
9372 137 26583
137 9372 26583
8044 1807 18937
1807 8044 18937
1448 8147 13525
8147 1448 13525
6252 6021 23235
6021 6252 23235
4405 9617 4921
9617 4405 4921
3402 3955 13934
3955 3402 13934
7805 1098 12520
1098 7805 12520
4281 7733 18264
7733 4281 18264
7993 2802 9345
2802 7993 9345
4386 482 31922
482 4386 31922
3005 2550 1583
2550 3005 1583
9005 8074 27340
8074 9005 27340
7694 1057 28972
1057 7694 28972
5721 9621 7436
9621 5721 7436
5266 7181 29152
7181 5266 29152
6043 9926 20119
9926 6043 20119
8695 7873 28137
7873 8695 28137
5467 1990 17555
1990 5467 17555
209 4001 27245
4001 209 27245
7442 6333 20870
6333 7442 20870
316 2423 2692
2423 316 2692
7831 6540 11079
6540 7831 11079
1665 4615 664
4615 1665 664
8966 4755 17780
4755 8966 17780
7489 671 24340
671 7489 24340
6061 8409 24688
8409 6061 24688
3191 2980 11191
2980 3191 11191
7327 2652 331
2652 7327 331
2681 2724 5730
2724 2681 5730
3809 1835 8501
1835 3809 8501
4696 9432 25411
9432 4696 25411
6365 5848 9019
5848 6365 9019
1233 7344 16797
7344 1233 16797
7292 4556 5503
4556 7292 5503
228 9688 6055
9688 228 6055
5623 6447 32568
6447 5623 32568
3023 7096 316
7096 3023 316
2433 712 3855
712 2433 3855
9689 9043 20550
9043 9689 20550
649 3042 30137
3042 649 30137
2430 3715 12082
3715 2430 12082
591 10030 9949
10030 591 9949
2941 5302 25805
5302 2941 25805
4711 3718 11950
3718 4711 11950
8764 7644 30296
7644 8764 30296
1576 3108 21684
3108 1576 21684
4239 7623 20410
7623 4239 20410
4219 5325 29889
5325 4219 29889
4609 1004 790
1004 4609 790
4298 4280 23819
4280 4298 23819
7134 7666 26669
7666 7134 26669
7116 4415 11473
4415 7116 11473
6665 9506 14675
9506 6665 14675
5428 2459 12581
2459 5428 12581
3677 9849 3821
9849 3677 3821
1483 1788 9643
1788 1483 9643
8862 4355 7071
4355 8862 7071
4298 7373 7531
7373 4298 7531
6426 2324 6845
2324 6426 6845
8053 3059 15370
3059 8053 15370
645 1590 20383
1590 645 20383
5721 5161 25096
5161 5721 25096
4755 1070 4064
1070 4755 4064
3186 517 3793
517 3186 3793
5685 7605 27576
7605 5685 27576
7831 9314 4550
9314 7831 4550
8725 6133 28394
6133 8725 28394
3170 1119 16263
1119 3170 16263
2554 2653 31230
2653 2554 31230
8764 9117 21287
9117 8764 21287
4596 4765 9928
4765 4596 9928
6449 8010 31507
8010 6449 31507
8440 5428 23646
5428 8440 23646
3719 7675 24519
7675 3719 24519
1107 6497 30226
6497 1107 30226
6294 9422 18104
9422 6294 18104
1888 3935 32266
3935 1888 32266
7197 2144 24049
2144 7197 24049
1605 5375 18319
5375 1605 18319
5302 2009 19794
2009 5302 19794
5319 2620 32293
2620 5319 32293
90 2349 28799
2349 90 28799
10218 397 22025
397 10218 22025
682 118 10450
118 682 10450
2143 4868 16303
4868 2143 16303
6758 2013 6390
2013 6758 6390
730 6074 9042
6074 730 9042
8671 1653 25591
1653 8671 25591
3150 9549 2738
9549 3150 2738
9521 2693 18401
2693 9521 18401
10176 1029 3734
1029 10176 3734
4436 7710 12366
7710 4436 12366
2655 8494 10925
8494 2655 10925
7605 2289 14189
2289 7605 14189
7325 15 5602
15 7325 5602
8530 1115 3179
1115 8530 3179
584 4364 13889
4364 584 13889
1483 7971 27717
7971 1483 27717
9689 9640 3829
9640 9689 3829
10144 9462 22120
9462 10144 22120
560 6565 27673
6565 560 27673
5517 5520 30895
5520 5517 30895
6254 3953 25414
3953 6254 25414
3346 971 1694
971 3346 1694
6986 4550 20766
4550 6986 20766
2474 10035 24039
10035 2474 24039
26 9410 6997
9410 26 6997
2911 7769 3746
7769 2911 3746
7007 7632 31707
7632 7007 31707
209 10035 10171
10035 209 10171
4317 5327 17717
5327 4317 17717
6087 3325 6274
3325 6087 6274
5721 213 14637
213 5721 14637
6818 6850 7784
6850 6818 7784
6426 5105 601
5105 6426 601
8892 9181 8769
9181 8892 8769
5428 9385 30255
9385 5428 30255
1801 832 10931
832 1801 10931
4295 1269 18591
1269 4295 18591
1051 1603 12687
1603 1051 12687
2267 3031 7013
3031 2267 7013
1098 1132 18505
1132 1098 18505
1236 5037 8858
5037 1236 8858
7325 7944 7117
7944 7325 7117
4062 8908 17702
8908 4062 17702
5795 7302 8795
7302 5795 8795
7623 9567 31523
9567 7623 31523
1194 5228 7744
5228 1194 7744
10094 10225 1359
10225 10094 1359
1990 5473 13941
5473 1990 13941
9651 572 16417
572 9651 16417
5334 4433 17043
4433 5334 17043
794 1360 6693
1360 794 6693
1004 8355 6559
8355 1004 6559
1194 7298 26775
7298 1194 26775
9906 2450 19346
2450 9906 19346
3105 8822 18057
8822 3105 18057
2765 8105 15286
8105 2765 15286
495 9993 10735
9993 495 10735
2652 826 9765
826 2652 9765
2004 388 14178
388 2004 14178
5260 2699 17675
2699 5260 17675
2638 5250 26758
5250 2638 26758
6426 1098 6794
1098 6426 6794
7520 7030 8775
7030 7520 8775
8248 9136 27197
9136 8248 27197
9651 8963 12151
8963 9651 12151
294 9168 14806
9168 294 14806
2024 8297 2412
8297 2024 2412
3848 3450 21075
3450 3848 21075
1190 6984 15275
6984 1190 15275
9005 17 17325
17 9005 17325
1284 1271 20686
1271 1284 20686
7704 416 27421
416 7704 27421
3346 4667 26144
4667 3346 26144
1266 6288 64
6288 1266 64
2765 5555 4258
5555 2765 4258
9968 8865 18379
8865 9968 18379
1001 1439 31097
1439 1001 31097
9310 7213 19080
7213 9310 19080
7704 1955 20730
1955 7704 20730
3935 7995 26062
7995 3935 26062
1194 7652 16070
7652 1194 16070
472 9267 18112
9267 472 18112
472 3406 6840
3406 472 6840
6267 376 29678
376 6267 29678
5094 4021 19861
4021 5094 19861
1127 2887 296
2887 1127 296
2891 2384 2488
2384 2891 2488
3935 22 30636
22 3935 30636
4332 7556 27448
7556 4332 27448
7143 1845 28919
1845 7143 28919
3072 5998 19512
5998 3072 19512
2894 9962 27865
9962 2894 27865
4604 1711 1368
1711 4604 1368
2891 8812 7072
8812 2891 7072
7993 6391 15242
6391 7993 15242
8054 1379 15223
1379 8054 15223
5555 2087 5049
2087 5555 5049
9511 1480 21577
1480 9511 21577
2474 8039 31229
8039 2474 31229
9737 9516 8143
9516 9737 8143
7995 6702 27983
6702 7995 27983
1269 344 21384
344 1269 21384
1097 5434 16903
5434 1097 16903
8147 7387 24786
7387 8147 24786
605 7804 23682
7804 605 23682
7871 2247 9056
2247 7871 9056
4699 266 21175
266 4699 21175
8908 4550 28852
4550 8908 28852
10144 9703 32445
9703 10144 32445
8773 8883 7034
8883 8773 7034
8213 4578 9562
4578 8213 9562
9877 26 21447
26 9877 21447
6186 950 15164
950 6186 15164
4550 7473 27047
7473 4550 27047
8876 1321 22636
1321 8876 22636
3325 96 27028
96 3325 27028
1535 8993 23830
8993 1535 23830
1058 177 25238
177 1058 25238
6784 5394 31681
5394 6784 31681
6254 9624 29760
9624 6254 29760
316 10262 7304
10262 316 7304
9869 525 5841
525 9869 5841
8578 6299 10740
6299 8578 10740
7079 1494 31260
1494 7079 31260
7828 751 9091
751 7828 9091
9700 3954 26622
3954 9700 26622
6712 7368 6926
7368 6712 6926
3849 3422 23949
3422 3849 23949
7255 6363 22905
6363 7255 22905
7752 2646 6738
2646 7752 6738
4394 8241 7290
8241 4394 7290
9072 3108 18206
3108 9072 18206
9204 7590 611
7590 9204 611
1335 7160 7768
7160 1335 7768
7181 5315 6696
5315 7181 6696
3513 5227 15842
5227 3513 15842
8373 2771 32022
2771 8373 32022
34 4544 3811
4544 34 3811
