10158 4138 7340
7340 329 20879
329 7340 20879
7340 4771 22746
4771 7340 22746
4771 5819 21808
5819 4771 21808
7340 3361 16718
3361 7340 16718
329 4783 18393
4783 329 18393
5819 7251 29603
7251 5819 29603
7340 9029 9539
9029 7340 9539
4771 2316 2120
2316 4771 2120
5819 2552 5185
2552 5819 5185
4783 4558 21721
4558 4783 21721
2316 8268 27629
8268 2316 27629
5819 5273 1700
5273 5819 1700
4783 8721 20580
8721 4783 20580
7340 4464 5354
4464 7340 5354
9029 8834 14892
8834 9029 14892
9029 4506 20416
4506 9029 20416
329 4646 17784
4646 329 17784
4646 4851 22166
4851 4646 22166
7340 9098 32188
9098 7340 32188
8268 5654 3537
5654 8268 3537
4506 10113 20307
10113 4506 20307
9098 740 19716
740 9098 19716
9029 4505 11301
4505 9029 11301
10113 3668 1948
3668 10113 1948
4851 126 4497
126 4851 4497
4783 3263 12324
3263 4783 12324
4558 4535 19717
4535 4558 19717
4535 7508 6768
7508 4535 6768
4851 5044 27142
5044 4851 27142
740 4703 15174
4703 740 15174
5273 2813 28574
2813 5273 28574
2813 9674 25702
9674 2813 25702
5654 4913 19558
4913 5654 19558
4851 3938 4603
3938 4851 4603
2316 402 22434
402 2316 22434
10113 126 6876
126 10113 6876
4771 1484 29490
1484 4771 29490
3938 488 10027
488 3938 10027
2316 1822 27965
1822 2316 27965
8721 5578 18735
5578 8721 18735
3361 8871 4580
8871 3361 4580
3263 2027 631
2027 3263 631
5044 1597 15459
1597 5044 15459
2813 4016 29623
4016 2813 29623
7340 5540 29790
5540 7340 29790
126 9256 32721
9256 126 32721
4506 6013 3931
6013 4506 3931
5044 4747 23303
4747 5044 23303
4505 9655 14224
9655 4505 14224
1597 9577 25945
9577 1597 25945
5819 3065 28812
3065 5819 28812
4913 6222 23397
6222 4913 23397
4505 8528 1896
8528 4505 1896
3263 6042 27513
6042 3263 27513
5578 6522 8070
6522 5578 8070
4505 9854 9352
9854 4505 9352
126 7729 3583
7729 126 3583
4535 8825 4930
8825 4535 4930
3938 4515 17747
4515 3938 17747
4505 9183 17808
9183 4505 17808
5578 750 0
750 5578 0
3065 603 26377
603 3065 26377
5578 7731 29695
7731 5578 29695
6042 4805 18762
4805 6042 18762
9577 5481 29275
5481 9577 29275
3065 3970 317
3970 3065 317
5540 5969 15717
5969 5540 15717
8871 2427 24228
2427 8871 24228
5819 1823 25898
1823 5819 25898
5819 1777 30091
1777 5819 30091
4783 955 27963
955 4783 27963
5654 5483 18798
5483 5654 18798
3970 1582 12259
1582 3970 12259
4646 5277 30772
5277 4646 30772
9854 201 12896
201 9854 12896
750 289 5970
289 750 5970
6222 2363 15039
2363 6222 15039
4805 7570 24493
7570 4805 24493
5277 6104 17252
6104 5277 17252
7508 6784 21782
6784 7508 21782
4703 7148 12649
7148 4703 12649
4515 6782 23672
6782 4515 23672
9577 402 19032
402 9577 19032
9577 9340 16400
9340 9577 16400
9256 2507 6891
2507 9256 6891
2507 10142 833
10142 2507 833
9256 6048 9175
6048 9256 9175
6104 1898 12265
1898 6104 12265
9577 2082 724
2082 9577 724
3668 2190 1340
2190 3668 1340
7508 9023 15700
9023 7508 15700
8871 6801 13461
6801 8871 13461
4515 4714 8109
4714 4515 8109
9674 6538 12989
6538 9674 12989
3263 1063 7846
1063 3263 7846
5481 2094 9361
2094 5481 9361
402 1043 8862
1043 402 8862
4805 4521 9240
4521 4805 9240
740 8409 27344
8409 740 27344
8871 702 5983
702 8871 5983
5654 9692 7260
9692 5654 7260
6048 729 9402
729 6048 9402
7148 2171 25621
2171 7148 25621
4016 953 2110
953 4016 2110
6048 3568 9045
3568 6048 9045
9340 2694 15496
2694 9340 15496
5273 7962 16187
7962 5273 16187
9655 7314 7470
7314 9655 7470
289 2642 10014
2642 289 10014
750 8768 29559
8768 750 29559
8721 5638 21023
5638 8721 21023
5277 3324 20003
3324 5277 20003
2363 3673 7452
3673 2363 7452
2507 5100 11116
5100 2507 11116
8834 5614 27001
5614 8834 27001
1777 2193 26760
2193 1777 26760
4535 7185 29297
7185 4535 29297
9674 212 11349
212 9674 11349
4505 9252 20976
9252 4505 20976
9692 3319 10998
3319 9692 10998
1043 6824 28457
6824 1043 28457
4535 4044 16008
4044 4535 16008
3361 1561 24672
1561 3361 24672
953 4102 30005
4102 953 30005
8528 502 30372
502 8528 30372
4558 6497 28506
6497 4558 28506
4703 578 1386
578 4703 1386
126 9342 18547
9342 126 18547
5969 547 20806
547 5969 20806
5819 8836 23555
8836 5819 23555
6782 367 14397
367 6782 14397
7508 7056 5059
7056 7508 5059
7340 1662 27485
1662 7340 27485
9854 9278 7857
9278 9854 7857
8409 4040 17571
4040 8409 17571
7731 6351 2264
6351 7731 2264
6784 4165 13650
4165 6784 13650
5273 7940 14826
7940 5273 14826
9278 6026 18510
6026 9278 18510
1823 6896 29954
6896 1823 29954
1043 531 4371
531 1043 4371
5578 629 7718
629 5578 7718
9183 698 27491
698 9183 27491
547 7102 23144
7102 547 23144
6013 5984 30912
5984 6013 30912
126 5666 9644
5666 126 9644
4464 1782 8263
1782 4464 8263
629 9357 17798
9357 629 17798
289 1204 19092
1204 289 19092
9692 9671 8877
9671 9692 8877
2316 4811 30377
4811 2316 30377
3970 6875 6890
6875 3970 6890
3673 1890 26133
1890 3673 26133
6824 8570 23454
8570 6824 23454
8825 569 19919
569 8825 19919
2316 9455 22826
9455 2316 22826
4783 720 1662
720 4783 1662
9098 6794 4569
6794 9098 4569
7731 1968 29220
1968 7731 29220
7185 6864 2856
6864 7185 2856
3668 2983 1644
2983 3668 1644
8409 213 28279
213 8409 28279
6784 8445 29186
8445 6784 29186
5100 7750 26249
7750 5100 26249
7251 5957 30919
5957 7251 30919
4464 2044 29031
2044 4464 29031
5969 7959 13756
7959 5969 13756
1782 3970 21106
3970 1782 21106
720 2089 17139
2089 720 17139
9252 2274 16083
2274 9252 16083
7314 6217 9967
6217 7314 9967
1782 8080 21125
8080 1782 21125
698 3496 9271
3496 698 9271
289 1448 26291
1448 289 26291
6026 8213 29449
8213 6026 29449
1582 6646 4635
6646 1582 4635
502 7607 22125
7607 502 22125
6782 9002 689
9002 6782 689
7056 1357 13593
1357 7056 13593
2642 1384 3011
1384 2642 3011
6222 1418 13291
1418 6222 13291
2552 5132 17984
5132 2552 17984
8721 1269 4825
1269 8721 4825
3496 1431 2298
1431 3496 2298
6048 4777 3760
4777 6048 3760
1561 8025 23799
8025 1561 23799
5819 2084 6393
2084 5819 6393
8025 2106 30251
2106 8025 30251
9256 7693 9426
7693 9256 9426
7251 3624 13106
3624 7251 13106
8768 5063 25261
5063 8768 25261
629 6147 18152
6147 629 18152
629 8860 24102
8860 629 24102
629 4262 1259
4262 629 1259
6864 467 22648
467 6864 22648
5483 553 26218
553 5483 26218
402 5455 16177
5455 402 16177
2552 5461 20181
5461 2552 20181
213 127 4666
127 213 4666
467 1702 28742
1702 467 28742
2427 3141 15695
3141 2427 15695
6217 3698 32186
3698 6217 32186
9023 2217 10359
2217 9023 10359
5132 946 11633
946 5132 11633
8080 5116 24609
5116 8080 24609
8721 8913 30742
8913 8721 30742
4558 7307 233
7307 4558 233
6351 358 4470
358 6351 4470
6048 3581 23611
3581 6048 23611
8268 270 24051
270 8268 24051
6497 10111 25161
10111 6497 25161
402 3263 13301
3263 402 13301
6538 5228 4878
5228 6538 4878
6782 1743 6918
1743 6782 6918
7508 5409 23385
5409 7508 23385
5409 3748 607
3748 5409 607
3581 5005 9235
5005 3581 9235
6026 4213 9994
4213 6026 9994
5957 8899 18741
8899 5957 18741
531 8854 9711
8854 531 9711
953 5274 31544
5274 953 31544
127 9935 4188
9935 127 4188
8080 5638 2267
5638 8080 2267
8899 8233 23020
8233 8899 23020
7340 868 2191
868 7340 2191
8768 8623 11480
8623 8768 11480
9655 5412 8183
5412 9655 8183
1204 2610 11804
2610 1204 11804
1777 4213 3380
4213 1777 3380
9342 8649 3314
8649 9342 3314
488 2338 26867
2338 488 26867
5273 4858 29067
4858 5273 29067
5116 5465 10622
5465 5116 10622
569 7971 3351
7971 569 3351
7307 3639 3646
3639 7307 3646
467 8381 16765
8381 467 16765
5483 1144 6249
1144 5483 6249
1823 8306 8518
8306 1823 8518
9023 7128 24795
7128 9023 24795
3748 5354 30896
5354 3748 30896
6048 1601 17475
1601 6048 17475
5412 4650 14057
4650 5412 14057
531 10105 22061
10105 531 22061
1582 3978 31446
3978 1582 31446
6147 3030 8342
3030 6147 8342
3263 8798 18680
8798 3263 18680
5969 952 14593
952 5969 14593
8213 3101 6225
3101 8213 6225
2190 3768 30036
3768 2190 30036
4646 3891 592
3891 4646 592
8649 92 23004
92 8649 23004
4213 7062 1584
7062 4213 1584
5461 7668 1864
7668 5461 1864
6801 9225 2640
9225 6801 2640
1204 1310 19078
1310 1204 19078
3263 113 9834
113 3263 9834
3101 6139 18876
6139 3101 18876
5277 8186 22453
8186 5277 22453
4213 3637 28887
3637 4213 28887
5274 7512 7257
7512 5274 7257
5455 7146 1383
7146 5455 1383
2106 7322 9655
7322 2106 9655
1898 3169 31936
3169 1898 31936
4805 4700 27001
4700 4805 27001
740 853 8345
853 740 8345
2106 83 26468
83 2106 26468
2316 6540 3484
6540 2316 3484
3768 559 3681
559 3768 3681
5228 1626 29864
1626 5228 29864
488 3951 21819
3951 488 21819
9455 1629 4791
1629 9455 4791
6784 7992 27649
7992 6784 27649
5116 722 23708
722 5116 23708
7693 7059 28940
7059 7693 28940
1601 310 13086
310 1601 13086
1448 9592 24860
9592 1448 24860
7102 6395 26906
6395 7102 26906
7693 2861 7182
2861 7693 7182
3978 9508 18601
9508 3978 18601
8721 9779 24584
9779 8721 24584
9455 1481 25998
1481 9455 25998
6104 8615 6977
8615 6104 6977
9508 6720 14918
6720 9508 14918
4521 1329 30885
1329 4521 30885
4913 7326 6811
7326 4913 6811
9357 6333 9734
6333 9357 9734
2044 8252 16776
8252 2044 16776
7607 1262 4763
1262 7607 4763
6801 5806 31175
5806 6801 31175
8913 504 23291
504 8913 23291
9342 7163 26479
7163 9342 26479
5806 5616 21463
5616 5806 21463
9655 2010 7778
2010 9655 7778
126 512 14108
512 126 14108
1329 4179 17529
4179 1329 17529
1777 4657 28487
4657 1777 28487
8233 3914 20406
3914 8233 20406
8836 5039 27415
5039 8836 27415
502 3575 20456
3575 502 20456
1898 6349 22485
6349 1898 22485
7056 9604 28789
9604 7056 28789
4515 1200 10990
1200 4515 10990
559 1021 19028
1021 559 19028
3768 8761 5024
8761 3768 5024
5277 4790 1887
4790 5277 1887
9935 9819 21459
9819 9935 21459
127 8088 3956
8088 127 3956
4044 9500 11137
9500 4044 11137
7314 9735 19762
9735 7314 19762
5461 7726 1087
7726 5461 1087
7962 4724 23337
4724 7962 23337
722 8879 29373
8879 722 29373
126 8924 27606
8924 126 27606
4858 9169 596
9169 4858 596
1310 78 19915
78 1310 19915
3568 884 8966
884 3568 8966
4102 2153 23240
2153 4102 23240
2217 7119 3189
7119 2217 3189
7726 1552 15287
1552 7726 15287
6217 4651 2231
4651 6217 2231
9692 3819 1223
3819 9692 1223
2171 7417 28706
7417 2171 28706
213 8881 5145
8881 213 5145
9340 1082 15184
1082 9340 15184
5984 27 8893
27 5984 8893
5614 727 792
727 5614 792
9342 1890 27381
1890 9342 27381
7959 4265 7727
4265 7959 7727
6351 298 30704
298 6351 30704
5005 2993 23208
2993 5005 23208
9029 5628 29307
5628 9029 29307
2363 9769 9617
9769 2363 9617
8268 5387 23400
5387 8268 23400
4700 8720 23895
8720 4700 23895
5409 3926 28556
3926 5409 28556
2190 2293 7111
2293 2190 7111
5957 4421 15010
4421 5957 15010
7307 4483 2743
4483 7307 2743
1021 2020 30087
2020 1021 30087
727 7881 25276
7881 727 25276
5354 454 374
454 5354 374
6147 7576 5508
7576 6147 5508
7417 1409 30040
1409 7417 30040
9592 942 28070
942 9592 28070
7062 51 4934
51 7062 4934
6333 6863 11266
6863 6333 11266
1357 1146 27587
1146 1357 27587
3030 578 28427
578 3030 28427
5274 8932 16744
8932 5274 16744
2153 8312 2709
8312 2153 2709
2274 7624 15085
7624 2274 15085
7729 2967 30455
2967 7729 30455
4515 7934 27348
7934 4515 27348
8881 8210 13473
8210 8881 13473
1200 8441 31531
8441 1200 31531
7119 2697 32123
2697 7119 32123
4777 3125 12561
3125 4777 12561
7102 9047 28579
9047 7102 28579
4262 3515 20238
3515 4262 20238
8570 479 5480
479 8570 5480
402 6332 28252
6332 402 28252
8768 2977 23696
2977 8768 23696
9256 5437 1709
5437 9256 1709
3891 9622 17229
9622 3891 17229
953 8485 22810
8485 953 22810
6540 1141 19309
1141 6540 19309
2993 323 7733
323 2993 7733
5628 7507 13485
7507 5628 13485
8088 9768 127
9768 8088 127
1662 5581 9519
5581 1662 9519
10142 4960 25519
4960 10142 25519
7340 110 21381
110 7340 21381
8268 5157 3711
5157 8268 3711
6013 71 2005
71 6013 2005
9769 8353 20496
8353 9769 20496
5387 9813 29181
9813 5387 29181
10113 4401 31477
4401 10113 31477
7959 6981 28866
6981 7959 28866
4777 1619 24453
1619 4777 24453
9508 10051 2668
10051 9508 2668
2010 9262 7186
9262 2010 7186
6395 9958 4447
9958 6395 4447
5273 3934 29952
3934 5273 29952
402 2043 20369
2043 402 20369
3698 228 16391
228 3698 16391
7507 1870 10737
1870 7507 10737
9340 8975 5374
8975 9340 5374
8854 8150 2320
8150 8854 2320
7693 6224 15349
6224 7693 15349
1481 2673 1719
2673 1481 1719
8312 87 922
87 8312 922
8213 1110 30762
1110 8213 30762
3748 3818 7188
3818 3748 7188
7128 9804 31559
9804 7128 31559
8721 7087 4566
7087 8721 4566
8210 6065 16577
6065 8210 16577
5578 8790 24866
8790 5578 24866
10105 9495 30761
9495 10105 30761
8233 2349 9768
2349 8233 9768
702 4699 4746
4699 702 4746
1629 3011 30478
3011 1629 30478
8213 4420 5812
4420 8213 5812
9813 318 19523
318 9813 19523
323 4210 3731
4210 323 3731
2084 5106 20708
5106 2084 20708
9735 4211 14121
4211 9735 14121
3125 9975 22567
9975 3125 22567
6222 9245 9464
9245 6222 9464
8528 10102 22011
10102 8528 22011
5969 2723 3341
2723 5969 3341
8485 10106 26731
10106 8485 26731
7322 2934 26337
2934 7322 26337
7102 3626 3166
3626 7102 3166
6222 8540 13771
8540 6222 13771
2427 4522 21449
4522 2427 21449
9577 546 2239
546 9577 2239
9813 336 11383
336 9813 11383
1021 2495 13705
2495 1021 13705
3125 2352 19945
2352 3125 19945
8485 4028 4295
4028 8485 4295
4851 7400 2561
7400 4851 2561
5063 1771 30281
1771 5063 30281
51 6764 20338
6764 51 20338
127 1229 28077
1229 127 28077
127 7526 32303
7526 127 32303
4210 7354 9540
7354 4210 9540
8932 7985 3406
7985 8932 3406
8306 6175 29093
6175 8306 29093
8528 9509 16152
9509 8528 16152
7934 301 2691
301 7934 2691
4724 6946 2877
6946 4724 2877
1200 749 28054
749 1200 28054
4805 610 20581
610 4805 20581
547 7418 14014
7418 547 14014
5628 4149 5532
4149 5628 5532
1702 3514 26784
3514 1702 26784
8721 5033 31038
5033 8721 31038
884 4958 9080
4958 884 9080
4401 8264 11894
8264 4401 11894
4044 8748 12241
8748 4044 12241
8768 5485 27505
5485 8768 27505
3514 9286 8538
9286 3514 8538
750 3637 14795
3637 750 14795
740 9593 14882
9593 740 14882
2861 8112 2020
8112 2861 2020
8761 3856 12496
3856 8761 12496
6175 2666 29983
2666 6175 29983
8721 5702 7352
5702 8721 7352
7148 2214 27708
2214 7148 27708
289 963 8418
963 289 8418
9593 9807 1606
9807 9593 1606
4165 1863 2904
1863 4165 2904
3673 3297 13774
3297 3673 13774
9495 3613 4180
3613 9495 4180
4657 10075 11630
10075 4657 11630
2094 4469 8490
4469 2094 8490
6981 6547 9669
6547 6981 9669
5819 9370 11520
9370 5819 11520
9769 10003 26221
10003 9769 26221
358 5931 28081
5931 358 28081
4464 6844 4756
6844 4464 4756
4421 6641 19826
6641 4421 19826
1890 1431 1355
1431 1890 1355
1262 7816 522
7816 1262 522
4102 1210 21150
1210 4102 21150
10106 67 16580
67 10106 16580
1782 2239 6674
2239 1782 6674
51 8592 31331
8592 51 31331
569 8236 3108
8236 569 3108
569 3044 28859
3044 569 28859
9098 172 10197
172 9098 10197
1777 2799 16319
2799 1777 16319
1782 5304 5742
5304 1782 5742
7087 1600 12834
1600 7087 12834
67 7945 31486
7945 67 31486
4515 4072 32232
4072 4515 32232
6946 9194 22589
9194 6946 22589
4960 9184 24423
9184 4960 24423
8834 4626 10972
4626 8834 10972
9455 8722 2483
8722 9455 2483
10105 3624 20335
3624 10105 20335
310 968 6515
968 310 6515
5132 8544 4715
8544 5132 4715
7102 1107 13179
1107 7102 13179
6720 6161 11763
6161 6720 11763
9779 5509 19150
5509 9779 19150
3637 9531 19557
9531 3637 19557
5616 1724 16855
1724 5616 16855
7607 3939 14319
3939 7607 14319
4777 9647 18674
9647 4777 18674
7934 8338 32394
8338 7934 32394
1357 8233 4253
8233 1357 4253
853 8014 20271
8014 853 20271
1582 9535 12270
9535 1582 12270
3297 849 44
849 3297 44
318 7305 4124
7305 318 4124
4703 4971 22481
4971 4703 22481
9735 992 21567
992 9735 21567
5063 564 10237
564 5063 10237
10102 4167 8340
4167 10102 8340
6764 850 25134
850 6764 25134
3938 225 26346
225 3938 26346
1582 223 19739
223 1582 19739
2094 6889 1529
6889 2094 1529
78 6491 17931
6491 78 17931
502 7068 10205
7068 502 10205
2043 5711 18268
5711 2043 18268
7418 104 28649
104 7418 28649
5638 6657 6912
6657 5638 6912
10102 3760 17031
3760 10102 17031
367 6052 31446
6052 367 31446
9779 2496 20970
2496 9779 20970
8213 2536 14887
2536 8213 14887
10111 24 12469
24 10111 12469
9357 1860 15026
1860 9357 15026
2349 6818 2024
6818 2349 2024
3065 922 13576
922 3065 13576
402 3503 16303
3503 402 16303
727 1900 3889
1900 727 3889
1357 7193 749
7193 1357 749
113 2964 28100
2964 113 28100
4960 1363 5011
1363 4960 5011
3639 9531 11006
9531 3639 11006
310 4880 31266
4880 310 31266
212 5373 15488
5373 212 15488
7340 6753 17648
6753 7340 17648
3970 2756 7094
2756 3970 7094
3951 4904 23557
4904 3951 23557
9495 2098 19988
2098 9495 19988
7062 3300 29862
3300 7062 29862
8879 722 436
722 8879 436
5387 6790 31724
6790 5387 31724
8721 7228 10228
7228 8721 10228
2010 7145 29180
7145 2010 29180
2552 3158 23330
3158 2552 23330
113 1159 14265
1159 113 14265
2363 2909 32094
2909 2363 32094
92 2671 20226
2671 92 20226
1597 139 11836
139 1597 11836
504 5894 4574
5894 504 4574
5481 1149 16837
1149 5481 16837
7816 616 32553
616 7816 32553
6540 8700 7910
8700 6540 7910
8879 2240 31636
2240 8879 31636
9674 8590 9340
8590 9674 9340
9813 9444 23584
9444 9813 23584
2082 7672 15217
7672 2082 15217
4714 1816 19287
1816 4714 19287
3939 1546 24998
1546 3939 24998
24 4817 11504
4817 24 11504
8544 210 3240
210 8544 3240
559 3004 7076
3004 559 7076
3668 8399 5212
8399 3668 5212
1484 677 2906
677 1484 2906
92 1978 13601
1978 92 13601
6844 9340 3574
9340 6844 3574
4179 2289 30240
2289 4179 30240
9370 6268 17264
6268 9370 17264
5354 6553 11202
6553 5354 11202
4777 6017 11773
6017 4777 11773
5157 6925 14209
6925 5157 14209
9807 9645 2418
9645 9807 2418
9002 5496 23953
5496 9002 23953
201 9458 28961
9458 201 28961
953 2774 24079
2774 953 24079
8485 2704 8682
2704 8485 8682
2983 972 17088
972 2983 17088
4505 7080 3638
7080 4505 3638
1269 94 21377
94 1269 21377
8485 9993 22538
9993 8485 22538
6333 6761 13048
6761 6333 13048
8409 7405 10624
7405 8409 10624
3938 8920 4644
8920 3938 4644
9023 5941 24132
5941 9023 24132
7251 6009 1252
6009 7251 1252
6222 1251 4329
1251 6222 4329
2293 5747 6791
5747 2293 6791
512 8471 29995
8471 512 29995
2043 9042 17664
9042 2043 17664
201 6318 1152
6318 201 1152
884 4840 7780
4840 884 7780
955 5249 29833
5249 955 29833
8790 5900 4003
5900 8790 4003
7731 3768 18229
3768 7731 18229
4558 1635 3280
1635 4558 3280
3624 7406 4800
7406 3624 4800
7406 2462 23115
2462 7406 23115
8854 9236 29651
9236 8854 29651
323 8563 27558
8563 323 27558
8445 36 1637
36 8445 1637
9098 5289 14376
5289 9098 14376
5894 6587 21053
6587 5894 21053
9225 5806 10800
5806 9225 10800
2934 7318 24090
7318 2934 24090
3970 1819 26090
1819 3970 26090
7726 8816 10476
8816 7726 10476
4165 5696 22806
5696 4165 22806
4840 4182 10923
4182 4840 10923
10142 940 10446
940 10142 10446
4880 616 18088
616 4880 18088
5274 3786 29580
3786 5274 29580
6013 5770 22380
5770 6013 22380
6268 3960 19686
3960 6268 19686
629 8664 16517
8664 629 16517
7146 9727 9654
9727 7146 9654
4149 2045 19665
2045 4149 19665
4211 4404 20136
4404 4211 20136
2697 8274 8225
8274 2697 8225
4535 7662 15455
7662 4535 15455
2240 4899 14670
4899 2240 14670
6553 1361 31673
1361 6553 31673
172 6830 32283
6830 172 32283
9509 605 10714
605 9509 10714
2977 3912 7281
3912 2977 7281
4522 1605 5882
1605 4522 5882
9183 2181 17622
2181 9183 17622
729 9486 19511
9486 729 19511
5496 6987 28733
6987 5496 28733
7959 4048 19411
4048 7959 19411
2496 1406 5999
1406 2496 5999
2082 3399 24746
3399 2082 24746
9975 5941 3272
5941 9975 3272
5941 4016 31935
4016 5941 31935
4904 7840 6395
7840 4904 6395
4179 9224 20535
9224 4179 20535
4165 8883 8727
8883 4165 8727
6753 5989 14616
5989 6753 14616
3515 1547 4101
1547 3515 4101
7816 10157 16802
10157 7816 16802
2089 2686 25656
2686 2089 25656
9194 709 26148
709 9194 26148
2293 5940 8775
5940 2293 8775
8399 3218 7317
3218 8399 7317
702 1183 17825
1183 702 17825
6761 1779 26463
1779 6761 26463
4044 7185 9383
7185 4044 9383
2190 5814 27155
5814 2190 27155
1702 2735 23496
2735 1702 23496
6824 2976 21001
2976 6824 21001
4913 6859 15220
6859 4913 15220
1552 2311 15900
2311 1552 15900
2799 3611 18946
3611 2799 18946
4213 3816 30706
3816 4213 30706
6946 4643 18145
4643 6946 18145
1743 4409 5792
4409 1743 5792
9357 944 20128
944 9357 20128
2274 10143 21893
10143 2274 21893
9357 1792 22465
1792 9357 22465
3515 9492 23465
9492 3515 23465
5702 6853 20040
6853 5702 20040
9819 8854 12051
8854 9819 12051
24 6649 10372
6649 24 10372
4028 7493 27844
7493 4028 27844
10105 5536 31120
5536 10105 31120
1900 454 26977
454 1900 26977
1406 3833 22129
3833 1406 22129
5900 7549 26544
7549 5900 26544
2045 1386 26848
1386 2045 26848
2171 1746 26995
1746 2171 26995
7062 434 22309
434 7062 22309
5711 5613 5193
5613 5711 5193
3819 2796 19081
2796 3819 19081
7354 7635 1945
7635 7354 1945
6987 4996 26187
4996 6987 26187
9500 282 8630
282 9500 8630
1792 2211 32544
2211 1792 32544
6065 4569 25019
4569 6065 25019
323 9697 26524
9697 323 26524
8441 8148 8401
8148 8441 8401
3978 7117 16416
7117 3978 16416
8014 8231 6369
8231 8014 6369
8836 1570 31002
1570 8836 31002
2671 9656 26582
9656 2671 26582
1822 8877 11455
8877 1822 11455
92 8603 17925
8603 92 17925
10075 9284 12680
9284 10075 12680
10106 10066 19279
10066 10106 19279
7881 5371 22800
5371 7881 22800
8353 3093 12828
3093 8353 12828
5371 5866 18220
5866 5371 18220
3300 2007 22591
2007 3300 22591
9697 9238 15193
9238 9697 15193
2181 10029 7521
10029 2181 7521
5044 2880 6856
2880 5044 6856
8213 1768 31629
1768 8213 31629
7992 6299 5046
6299 7992 5046
139 7602 8676
7602 139 8676
9813 1773 25302
1773 9813 25302
6646 531 17074
531 6646 17074
9169 1733 10734
1733 9169 10734
5116 5472 32083
5472 5116 32083
7405 277 29442
277 7405 29442
6538 398 8613
398 6538 8613
6875 4549 32149
4549 6875 32149
1819 9290 19975
9290 1819 19975
2027 741 23532
741 2027 23532
7340 6246 27142
6246 7340 27142
78 2752 17506
2752 78 17506
8563 2138 3921
2138 8563 3921
8768 1673 24350
1673 8768 24350
9807 3655 24458
3655 9807 24458
9975 572 21202
572 9975 21202
5666 9185 24838
9185 5666 24838
6864 2256 29515
2256 6864 29515
4028 1370 5542
1370 4028 5542
849 7313 19196
7313 849 19196
3938 10089 26184
10089 3938 26184
2010 10002 21706
10002 2010 21706
7840 9959 639
9959 7840 639
2686 9221 11703
9221 2686 11703
67 8924 18326
8924 67 18326
8471 5911 24145
5911 8471 24145
1822 6923 29456
6923 1822 29456
3626 1013 10729
1013 3626 10729
2138 5184 9238
5184 2138 9238
4971 9015 9717
9015 4971 9717
6161 6348 19612
6348 6161 19612
6646 8872 17969
8872 6646 17969
605 2945 32289
2945 605 32289
5274 3991 6753
3991 5274 6753
7087 7457 18262
7457 7087 18262
922 9176 16569
9176 922 16569
10003 4262 28431
4262 10003 28431
4404 1815 7254
1815 4404 7254
4265 433 3662
433 4265 3662
504 9988 16724
9988 504 16724
4469 2955 11844
2955 4469 11844
1159 433 20578
433 1159 20578
9645 1129 28830
1129 9645 28830
2496 2969 14815
2969 2496 14815
1552 1214 14203
1214 1552 14203
9169 1392 9444
1392 9169 9444
5106 1745 4053
1745 5106 4053
7056 2274 4309
2274 7056 4309
7185 10133 7249
10133 7185 7249
7607 1439 18495
1439 7607 18495
5005 9295 14243
9295 5005 14243
8877 649 29234
649 8877 29234
1392 8415 19732
8415 1392 19732
7731 5264 2909
5264 7731 2909
4211 6506 19142
6506 4211 19142
3970 5546 25229
5546 3970 25229
741 7161 25804
7161 741 25804
5911 1012 27751
1012 5911 27751
1210 427 28980
427 1210 28980
7062 9068 28784
9068 7062 28784
8544 2295 17546
2295 8544 17546
7307 3377 17858
3377 7307 17858
4420 8463 29577
8463 4420 29577
1418 171 8186
171 1418 8186
2799 7428 2544
7428 2799 2544
8860 1064 23884
1064 8860 23884
367 1618 28594
1618 367 28594
3125 2037 27832
2037 3125 27832
4040 9010 11520
9010 4040 11520
9958 5828 20439
5828 9958 20439
2044 7910 21210
7910 2044 21210
4401 8743 32191
8743 4401 32191
1743 9051 20777
9051 1743 20777
8148 555 5350
555 8148 5350
5931 215 17557
215 5931 17557
2462 5688 26638
5688 2462 26638
9455 7417 5519
7417 9455 5519
8445 2600 5798
2600 8445 5798
7726 8103 28491
8103 7726 28491
4651 1947 6946
1947 4651 6946
8615 172 28825
172 8615 28825
7507 2494 6702
2494 7507 6702
547 1253 20966
1253 547 20966
27 2453 21465
2453 27 21465
1251 323 25280
323 1251 25280
1546 9633 29691
9633 1546 29691
1200 8555 1726
8555 1200 1726
546 6444 12683
6444 546 12683
1890 468 3222
468 1890 3222
2552 1109 17574
1109 2552 17574
3655 856 11203
856 3655 11203
9225 9871 18790
9871 9225 18790
27 9215 29717
9215 27 29717
6395 8568 14823
8568 6395 14823
8014 6364 22509
6364 8014 22509
605 908 21513
908 605 21513
1214 8775 1321
8775 1214 1321
1021 1303 4046
1303 1021 4046
1898 8611 18912
8611 1898 18912
9098 1932 20836
1932 9098 20836
2880 4600 6527
4600 2880 6527
2934 8879 20031
8879 2934 20031
5536 2289 15331
2289 5536 15331
7624 9494 16078
9494 7624 16078
6161 7900 5006
7900 6161 5006
7507 4188 32430
4188 7507 32430
5828 3263 2307
3263 5828 2307
547 6239 15207
6239 547 15207
559 7237 22758
7237 559 22758
5814 3673 22044
3673 5814 22044
946 1093 3970
1093 946 3970
1626 498 14000
498 1626 14000
1863 6289 14264
6289 1863 14264
5581 8511 3921
8511 5581 3921
3624 5235 31877
5235 3624 31877
9068 4052 1384
4052 9068 1384
9807 4059 934
4059 9807 934
6491 7240 29018
7240 6491 29018
8399 10086 27902
10086 8399 27902
9047 4721 30888
4721 9047 30888
6013 2203 30156
2203 6013 30156
7228 8975 15941
8975 7228 15941
7992 1846 4054
1846 7992 4054
709 9750 21313
9750 709 21313
1269 6802 7182
6802 1269 7182
8720 1029 1564
1029 8720 1564
6013 9319 13663
9319 6013 13663
127 48 14677
48 127 14677
8353 7698 25507
7698 8353 25507
9697 283 6687
283 9697 6687
7729 3444 30712
3444 7729 30712
5373 7253 30260
7253 5373 30260
7056 7579 2785
7579 7056 2785
6491 2000 7236
2000 6491 7236
9819 7797 27137
7797 9819 27137
7163 1626 13432
1626 7163 13432
4714 1985 1611
1985 4714 1611
5235 8225 26355
8225 5235 26355
171 1392 29952
1392 171 29952
9500 9496 1123
9496 9500 1123
629 4084 9432
4084 629 9432
2289 2041 18686
2041 2289 18686
8871 570 22036
570 8871 22036
850 5425 19576
5425 850 19576
7428 5210 32644
5210 7428 32644
3581 668 20958
668 3581 20958
3169 943 25499
943 3169 25499
479 744 87
744 479 87
9295 8584 28
8584 9295 28
4213 3883 10804
3883 4213 10804
1109 8232 2078
8232 1109 2078
9455 8953 14813
8953 9455 14813
8748 2662 2886
2662 8748 2886
1363 2192 13438
2192 1363 13438
5711 10019 7812
10019 5711 7812
9727 1967 4220
1967 9727 4220
1386 5287 6606
5287 1386 6606
1357 7048 29209
7048 1357 29209
1846 1569 7031
1569 1846 7031
277 32 19159
32 277 19159
8881 10027 19767
10027 8881 19767
4420 5414 26743
5414 4420 26743
3786 5569 12305
5569 3786 12305
2041 3327 18081
3327 2041 18081
677 7500 19329
7500 677 19329
7326 3460 672
3460 7326 672
2507 45 20938
45 2507 20938
4262 6023 12982
6023 4262 12982
1662 2183 28215
2183 1662 28215
8871 9275 10990
9275 8871 10990
8592 2965 21413
2965 8592 21413
7726 4973 30586
4973 7726 30586
2293 9436 4284
9436 2293 4284
6333 4352 6404
4352 6333 6404
9500 1366 31897
1366 9500 31897
8540 1661 26993
1661 8540 26993
8664 9259 2519
9259 8664 2519
7750 3761 4111
3761 7750 4111
2193 65 18237
65 2193 18237
2171 8514 8735
8514 2171 8735
1229 5027 7291
5027 1229 7291
5569 4417 2368
4417 5569 2368
1673 6558 14007
6558 1673 14007
5941 3837 6946
3837 5941 6946
6522 1847 27611
1847 6522 27611
4521 1963 1672
1963 4521 1672
720 2709 27878
2709 720 27878
856 2762 26509
2762 856 26509
2671 8219 16045
8219 2671 16045
7119 1180 2454
1180 7119 2454
4805 1968 28109
1968 4805 28109
171 2034 10118
2034 171 10118
2316 8689 7614
8689 2316 7614
4265 227 27405
227 4265 27405
8798 6464 15427
6464 8798 15427
8485 750 4642
750 8485 4642
6641 675 6582
675 6641 6582
9727 4702 3594
4702 9727 3594
5509 3999 15320
3999 5509 15320
1082 1666 12672
1666 1082 12672
8186 6470 17452
6470 8186 17452
5638 2348 11221
2348 5638 11221
8213 818 1033
818 8213 1033
908 7456 11555
7456 908 11555
3093 1877 10220
1877 3093 10220
1366 3861 13286
3861 1366 13286
9015 7033 4264
7033 9015 4264
4646 1048 16020
1048 4646 16020
6013 7698 19591
7698 6013 19591
5819 9534 31770
9534 5819 31770
7456 1062 31621
1062 7456 31621
3926 9965 11320
9965 3926 11320
5654 5041 4379
5041 5654 4379
468 2598 15670
2598 468 15670
1021 8506 11104
8506 1021 11104
434 3271 26222
3271 434 26222
9692 296 27236
296 9692 27236
7314 4303 6043
4303 7314 6043
6946 709 9235
709 6946 9235
5184 7445 8941
7445 5184 8941
8210 3300 20483
3300 8210 20483
9804 2260 7243
2260 9804 7243
5940 3358 25594
3358 5940 25594
8219 2679 4699
2679 8219 4699
849 5008 25869
5008 849 25869
8924 4995 5660
4995 8924 5660
3624 6983 31398
6983 3624 31398
1782 2625 3120
2625 1782 3120
8544 332 10199
332 8544 10199
2363 9660 3898
9660 2363 3898
9236 265 17602
265 9236 17602
8563 5919 19661
5919 8563 19661
1890 10078 13568
10078 1890 13568
9592 189 20194
189 9592 20194
3624 7328 31045
7328 3624 31045
8836 643 8663
643 8836 8663
10089 833 27070
833 10089 27070
2363 5332 19292
5332 2363 19292
8615 6258 29657
6258 8615 29657
9592 725 8409
725 9592 8409
4262 2771 29037
2771 4262 29037
1900 270 19513
270 1900 19513
9215 4891 26762
4891 9215 26762
427 5105 17433
5105 427 17433
6147 4425 2644
4425 6147 2644
5044 9264 14541
9264 5044 14541
4549 1338 27825
1338 4549 27825
1743 882 2490
882 1743 2490
2495 9234 3513
9234 2495 3513
1890 3627 20207
3627 1890 20207
9051 7978 291
7978 9051 291
27 3830 28947
3830 27 28947
2610 2027 1832
2027 2610 1832
6790 6551 15856
6551 6790 15856
8871 426 2453
426 8871 2453
9010 2893 29261
2893 9010 29261
3271 2152 26367
2152 3271 26367
4549 2347 25049
2347 4549 25049
2082 7205 23891
7205 2082 23891
7253 5871 19523
5871 7253 19523
4052 7454 7229
7454 4052 7229
8881 7891 6888
7891 8881 6888
8899 2095 23841
2095 8899 23841
5696 7675 17557
7675 5696 17557
4179 8772 8588
8772 4179 8588
6538 6083 32075
6083 6538 32075
9819 9188 14960
9188 9819 14960
6801 9233 13838
9233 6801 13838
2625 9875 18827
9875 2625 18827
9002 134 21790
134 9002 21790
7185 8903 23492
8903 7185 23492
531 9992 2359
9992 531 2359
6925 4140 22112
4140 6925 22112
8924 1872 15010
1872 8924 15010
908 3870 2660
3870 908 2660
5027 9060 29499
9060 5027 29499
9023 5737 10366
5737 9023 10366
1967 3832 12991
3832 1967 12991
1357 4962 21827
4962 1357 21827
3503 167 5885
167 3503 5885
1597 8964 4274
8964 1597 4274
8689 4224 6077
4224 8689 6077
6333 1810 21806
1810 6333 21806
402 9591 25719
9591 402 25719
6889 2340 4468
2340 6889 4468
2679 8394 17981
8394 2679 17981
4464 5758 15927
5758 4464 15927
8441 1350 21077
1350 8441 21077
8186 3821 7019
3821 8186 7019
3626 514 19069
514 3626 19069
7570 9706 27233
9706 7570 27233
9370 5479 19922
5479 9370 19922
5044 2583 4416
2583 5044 4416
10113 9309 2508
9309 10113 2508
336 4267 18828
4267 336 18828
2955 3734 31953
3734 2955 31953
1269 5730 7848
5730 1269 7848
1629 417 9290
417 1629 9290
8232 4768 25250
4768 8232 25250
2983 8812 11839
8812 2983 11839
7354 3290 11947
3290 7354 11947
2000 4582 2788
4582 2000 2788
1900 5374 20994
5374 1900 20994
6540 7721 5287
7721 6540 5287
4962 9545 3386
9545 4962 3386
2138 2603 1423
2603 2138 1423
4102 9851 28972
9851 4102 28972
1484 1276 10006
1276 1484 10006
8399 7153 32752
7153 8399 32752
1985 5415 9667
5415 1985 9667
7526 495 5037
495 7526 5037
2289 2368 17456
2368 2289 17456
1771 7517 25127
7517 1771 25127
9275 8784 24891
8784 9275 24891
5581 1647 1357
1647 5581 1357
1303 2139 29587
2139 1303 29587
4213 3368 4158
3368 4213 4158
3613 6757 20714
6757 3613 20714
9988 31 13687
31 9988 13687
4267 1024 24939
1024 4267 24939
3870 814 11816
814 3870 11816
3263 5145 20544
5145 3263 20544
9768 8420 15336
8420 9768 15336
323 5984 28758
5984 323 28758
2095 4803 5432
4803 2095 5432
7117 9453 30878
9453 7117 30878
6981 3730 8859
3730 6981 8859
427 7648 32121
7648 427 32121
5814 6954 29995
6954 5814 29995
6641 320 13590
320 6641 13590
5569 2796 8435
2796 5569 8435
265 8105 13026
8105 265 13026
5008 5047 29814
5047 5008 29814
2598 2591 27239
2591 2598 27239
9068 1683 13354
1683 9068 13354
6009 9848 1056
9848 6009 1056
6239 546 23505
546 6239 23505
1214 597 28471
597 1214 28471
3914 6714 16633
6714 3914 16633
4995 1221 12577
1221 4995 12577
6224 3450 6403
3450 6224 6403
4899 1705 20626
1705 4899 20626
4211 1702 10887
1702 4211 10887
4582 9755 27467
9755 4582 27467
8879 1005 9455
1005 8879 9455
1029 4964 7842
4964 1029 7842
5536 4525 2711
4525 5536 2711
720 3488 30940
3488 720 30940
6824 5426 6367
5426 6824 6367
1431 5235 15792
5235 1431 15792
7726 2141 30445
2141 7726 30445
3515 343 29318
343 3515 29318
5483 7071 32527
7071 5483 32527
7881 7841 30554
7841 7881 30554
9656 2073 1
2073 9656 1
127 9016 30534
9016 127 30534
5041 9486 10877
9486 5041 10877
1985 6195 18454
6195 1985 18454
2704 1571 21734
1571 2704 21734
4803 8107 29316
8107 4803 29316
8872 3254 8686
3254 8872 8686
9660 4611 9447
4611 9660 9447
4790 7949 14460
7949 4790 14460
1013 2771 20592
2771 1013 20592
9993 9830 27204
9830 9993 27204
8232 6298 13661
6298 8232 13661
4962 4701 13268
4701 4962 13268
8924 5157 15515
5157 8924 15515
5688 3147 15358
3147 5688 15358
1439 253 15826
253 1439 15826
270 8031 12771
8031 270 12771
433 2842 18132
2842 433 18132
2955 8613 28687
8613 2955 28687
6641 3046 13794
3046 6641 13794
3627 1579 28778
1579 3627 28778
9194 715 2629
715 9194 2629
282 5406 12260
5406 282 12260
8812 6022 18218
6022 8812 18218
555 8995 29220
8995 555 29220
4558 3256 13005
3256 4558 13005
4724 7724 13487
7724 4724 13487
7985 5500 12357
5500 7985 12357
3358 6936 24113
6936 3358 24113
4102 6623 31903
6623 4102 31903
8995 8882 8696
8882 8995 8696
3046 7779 18436
7779 3046 18436
3970 8928 30914
8928 3970 30914
1733 8706 2587
8706 1733 2587
468 6307 18278
6307 468 18278
4771 1052 7404
1052 4771 7404
6246 6618 8454
6618 6246 8454
555 8260 11243
8260 555 11243
7668 3009 21962
3009 7668 21962
1110 355 27892
355 1110 27892
7668 4791 84
4791 7668 84
2217 3580 30561
3580 2217 30561
3046 8924 21356
8924 3046 21356
2027 3304 29055
3304 2027 29055
5483 9709 22168
9709 5483 22168
402 1475 18192
1475 402 18192
9060 9149 23449
9149 9060 23449
4771 1098 15256
1098 4771 15256
5638 1695 4098
1695 5638 4098
8031 2749 424
2749 8031 424
4790 7342 30060
7342 4790 30060
942 7701 7276
7701 942 7276
2316 10040 4077
10040 2316 4077
9500 2173 17174
2173 9500 17174
5569 9051 3548
9051 5569 3548
4262 3303 22028
3303 4262 22028
7340 2675 23821
2675 7340 23821
2340 2895 17372
2895 2340 17372
4016 3779 24838
3779 4016 24838
1900 6972 4195
6972 1900 4195
6104 4557 6876
4557 6104 6876
1082 24 6829
24 1082 6829
3673 2249 24251
2249 3673 24251
6065 7128 20084
7128 6065 20084
5412 1252 31814
1252 5412 31814
6444 8729 13388
8729 6444 13388
3768 5465 22092
5465 3768 22092
6936 2465 24536
2465 6936 24536
514 8243 7058
8243 514 7058
4777 9001 7589
9001 4777 7589
6052 7267 30101
7267 6052 30101
8471 8079 2679
8079 8471 2679
10086 9876 25491
9876 10086 25491
6618 8240 31788
8240 6618 31788
1978 4957 26439
4957 1978 26439
1779 6156 26758
6156 1779 26758
8649 1707 30223
1707 8649 30223
3488 7654 20598
7654 3488 20598
616 6299 7290
6299 616 7290
4505 7941 14016
7941 4505 14016
9534 9881 15215
9881 9534 15215
1303 7095 24341
7095 1303 24341
833 5842 3442
5842 833 3442
8260 6108 3816
6108 8260 3816
495 8367 1960
8367 495 1960
4611 4725 23479
4725 4611 23479
4165 3095 32176
3095 4165 32176
9500 317 19070
317 9500 19070
7153 581 105
581 7153 105
498 6523 12929
6523 498 12929
5373 7628 3899
7628 5373 3899
7056 4848 2496
4848 7056 2496
649 6320 12421
6320 649 12421
8816 2363 2985
2363 8816 2985
1816 4019 12592
4019 1816 12592
5033 888 6884
888 5033 6884
6506 1324 29858
1324 6506 29858
3748 7561 25938
7561 3748 25938
908 9168 13703
9168 908 13703
2427 3186 15763
3186 2427 15763
9604 4541 11554
4541 9604 11554
9494 7663 24491
7663 9494 24491
3514 9745 6696
9745 3514 6696
750 512 32423
512 750 32423
943 1623 24914
1623 943 24914
1064 9253 5962
9253 1064 5962
8306 4043 20781
4043 8306 20781
5894 6141 10280
6141 5894 10280
1629 8169 16337
8169 1629 16337
7128 5389 10693
5389 7128 10693
1180 2208 5240
2208 1180 5240
2796 5973 388
5973 2796 388
5984 1887 10305
1887 5984 10305
7779 6676 16530
6676 7779 16530
9245 6916 4216
6916 9245 4216
10143 8078 23566
8078 10143 23566
8148 5899 10804
5899 8148 10804
9010 2282 15904
2282 9010 15904
7602 6425 29239
6425 7602 29239
126 4545 10170
4545 126 10170
4699 7778 9552
7778 4699 9552
9016 7483 26933
7483 9016 26933
5465 2711 9384
2711 5465 9384
32 1253 3094
1253 32 3094
1707 6379 30405
6379 1707 30405
7059 1416 12938
1416 7059 12938
2010 7981 18734
7981 2010 18734
2796 9658 16778
9658 2796 16778
1484 5737 24560
5737 1484 24560
2983 6337 28836
6337 2983 28836
952 8364 14191
8364 952 14191
3891 1905 9939
1905 3891 9939
553 1352 4687
1352 553 4687
8871 7191 11765
7191 8871 11765
6782 1414 4186
1414 6782 4186
7328 886 20156
886 7328 20156
7624 601 3240
601 7624 3240
9342 4081 25906
4081 9342 25906
355 8894 12406
8894 355 12406
4973 6059 543
6059 4973 543
7056 86 13684
86 7056 13684
10113 3288 18422
3288 10113 18422
8825 5020 3437
5020 8825 3437
3934 8278 29212
8278 3934 29212
2796 3901 24209
3901 2796 24209
1779 7399 27544
7399 1779 27544
7841 2104 19159
2104 7841 19159
5628 2166 5783
2166 5628 5783
1887 8250 7720
8250 1887 7720
3147 2232 30792
2232 3147 30792
5984 4707 4683
4707 5984 4683
5483 2868 29942
2868 5483 29942
9015 4959 10459
4959 9015 10459
433 9644 13936
9644 433 13936
479 8719 31395
8719 479 31395
2969 2934 19227
2934 2969 19227
3833 9905 6450
9905 3833 6450
4995 8597 5705
8597 4995 5705
1200 2884 2703
2884 1200 2703
1985 3945 23200
3945 1985 23200
7163 154 20551
154 7163 20551
7457 5579 3515
5579 7457 3515
6824 2069 8796
2069 6824 8796
1746 9809 20561
9809 1746 20561
616 5372 23472
5372 616 23472
2020 4669 26746
4669 2020 26746
2600 6547 22789
6547 2600 22789
2173 360 1007
360 2173 1007
9604 3991 3245
3991 9604 3245
8613 2021 26205
2021 8613 26205
6954 6369 6266
6369 6954 6266
9444 881 3106
881 9444 3106
201 8948 11410
8948 201 11410
4569 7704 17409
7704 4569 17409
6379 9977 1327
9977 6379 1327
329 8319 25278
8319 329 25278
2774 3980 31350
3980 2774 31350
3581 2106 2462
2106 3581 2462
1890 9038 31976
9038 1890 31976
8772 6457 5433
6457 8772 5433
433 592 24092
592 433 24092
8924 535 15400
535 8924 15400
3627 2165 14530
2165 3627 14530
9655 3178 15724
3178 9655 15724
5737 5792 31777
5792 5737 31777
7910 6106 19625
6106 7910 19625
6009 1309 24197
1309 6009 24197
8078 10132 16009
10132 8078 16009
332 7204 5990
7204 332 5990
6048 8160 25053
8160 6048 25053
7326 8484 3369
8484 7326 3369
5481 170 604
170 5481 604
9871 10088 27584
10088 9871 27584
1439 2901 22543
2901 1439 22543
10113 7196 12453
7196 10113 12453
1819 6664 12998
6664 1819 12998
4188 9414 28126
9414 4188 28126
5483 2797 4914
2797 5483 4914
8219 8332 10495
8332 8219 10495
2453 949 11126
949 2453 11126
4904 3604 7289
3604 4904 7289
210 287 32579
287 210 32579
2171 3850 4240
3850 2171 4240
9010 3975 8168
3975 9010 8168
603 9759 20162
9759 603 20162
9029 1111 23261
1111 9029 23261
8928 7284 11671
7284 8928 11671
7080 256 12707
256 7080 12707
7693 7424 11272
7424 7693 11272
2043 1047 10269
1047 2043 10269
3178 6889 23296
6889 3178 23296
9848 7622 29358
7622 9848 29358
4404 5004 14504
5004 4404 14504
569 2039 24504
2039 569 24504
1043 277 29813
277 1043 29813
6664 628 4179
628 6664 4179
741 2847 9274
2847 741 9274
3290 7374 16985
7374 3290 16985
5899 8117 4518
8117 5899 4518
9002 9689 8727
9689 9002 8727
8485 9754 17657
9754 8485 17657
6618 5703 25663
5703 6618 25663
287 3455 7380
3455 287 7380
3639 5294 22776
5294 3639 22776
433 2602 27761
2602 433 27761
955 8737 20247
8737 955 20247
6147 2527 4260
2527 6147 4260
7959 6359 2792
6359 7959 2792
426 8462 367
8462 426 367
4996 5295 22039
5295 4996 22039
5472 6221 26913
6221 5472 26913
7314 4380 22154
4380 7314 22154
610 637 2853
637 610 2853
7313 67 30811
67 7313 30811
5900 731 5137
731 5900 5137
1546 6137 23339
6137 1546 23339
6916 9842 6557
9842 6916 6557
4521 3051 28035
3051 4521 28035
9644 128 27773
128 9644 27773
9436 574 16643
574 9436 16643
2069 6303 14175
6303 2069 14175
2861 6977 14476
6977 2861 14476
5145 8782 3450
8782 5145 3450
2166 7116 3500
7116 2166 3500
3816 8380 20581
8380 3816 20581
9319 9340 23790
9340 9319 23790
5969 7933 2108
7933 5969 2108
3488 4502 226
4502 3488 226
154 5941 14910
5941 154 14910
5666 8594 4599
8594 5666 4599
3627 2589 18781
2589 3627 18781
6641 3235 30077
3235 6641 30077
3730 4992 18817
4992 3730 18817
5481 962 4199
962 5481 4199
7185 7636 14698
7636 7185 14698
5373 5675 683
5675 5373 683
7204 4931 8309
4931 7204 8309
2494 140 22092
140 2494 22092
955 7352 25775
7352 955 25775
7322 2505 22897
2505 7322 22897
