10305 53990 2039
2039 1540 26283
1540 2039 26283
2039 5181 31734
5181 2039 31734
1540 5163 7289
5163 1540 7289
5181 6716 29927
6716 5181 29927
2039 5715 12175
5715 2039 12175
5181 1644 13682
1644 5181 13682
5181 6611 18053
6611 5181 18053
5163 10171 3894
10171 5163 3894
6716 8531 25695
8531 6716 25695
8531 7647 25691
7647 8531 25691
1540 9150 5341
9150 1540 5341
6716 6389 28672
6389 6716 28672
1540 1636 812
1636 1540 812
5715 10070 13774
10070 5715 13774
7647 1289 19382
1289 7647 19382
1636 5117 491
5117 1636 491
1540 4490 4123
4490 1540 4123
6716 4301 22979
4301 6716 22979
5715 10171 16571
10171 5715 16571
5715 2691 21338
2691 5715 21338
7647 1929 20827
1929 7647 20827
4490 1645 19490
1645 4490 19490
1645 5201 14022
5201 1645 14022
5181 2089 14743
2089 5181 14743
6389 10034 10624
10034 6389 10624
5201 10025 7429
10025 5201 7429
1289 9379 19933
9379 1289 19933
5117 2379 20804
2379 5117 20804
7647 9360 7201
9360 7647 7201
5181 3880 17486
3880 5181 17486
6611 8063 17263
8063 6611 17263
5163 7117 2051
7117 5163 2051
1929 9771 22708
9771 1929 22708
1289 8185 19564
8185 1289 19564
2089 8971 32463
8971 2089 32463
10070 2214 7011
2214 10070 7011
6389 6474 26536
6474 6389 26536
1645 770 24682
770 1645 24682
4301 8025 9712
8025 4301 9712
5715 1451 14605
1451 5715 14605
2039 9630 21955
9630 2039 21955
9771 6810 2360
6810 9771 2360
4301 9788 13922
9788 4301 13922
4490 9185 11312
9185 4490 11312
1540 2192 31166
2192 1540 31166
5117 3984 9788
3984 5117 9788
770 1596 24205
1596 770 24205
5163 8510 17449
8510 5163 17449
10025 8113 12318
8113 10025 12318
10171 4288 27931
4288 10171 27931
9185 9883 4908
9883 9185 4908
5163 637 24694
637 5163 24694
9185 7484 10580
7484 9185 10580
1929 258 31940
258 1929 31940
6389 9846 7435
9846 6389 7435
9788 2412 19933
2412 9788 19933
3984 8337 9752
8337 3984 9752
1636 3561 20414
3561 1636 20414
5163 4526 6916
4526 5163 6916
8971 7922 24791
7922 8971 24791
9846 5870 15874
5870 9846 15874
5201 9939 6579
9939 5201 6579
6716 9137 13366
9137 6716 13366
10070 4761 31042
4761 10070 31042
9360 2224 3177
2224 9360 3177
2379 2927 23612
2927 2379 23612
7117 7205 30344
7205 7117 30344
4761 8871 23367
8871 4761 23367
9939 7561 24448
7561 9939 24448
6474 534 16109
534 6474 16109
6474 7548 7517
7548 6474 7517
3561 5079 2440
5079 3561 2440
4526 1856 17838
1856 4526 17838
3984 2562 30371
2562 3984 30371
2039 10001 15512
10001 2039 15512
8971 9338 3213
9338 8971 3213
8025 945 5420
945 8025 5420
2192 3124 18445
3124 2192 18445
9630 1739 3026
1739 9630 3026
4490 5806 21360
5806 4490 21360
1644 126 18917
126 1644 18917
7117 4321 29048
4321 7117 29048
2412 4330 19930
4330 2412 19930
2039 5694 6599
5694 2039 6599
6716 915 21897
915 6716 21897
10070 2146 2015
2146 10070 2015
1856 5301 4205
5301 1856 4205
126 7193 32466
7193 126 32466
5079 5540 15859
5540 5079 15859
9379 2143 4914
2143 9379 4914
4288 2887 16438
2887 4288 16438
2143 4276 14821
4276 2143 14821
9883 6685 9661
6685 9883 9661
9379 3954 30181
3954 9379 30181
6611 3510 19720
3510 6611 19720
4276 518 6167
518 4276 6167
9883 754 6944
754 9883 6944
258 3238 27580
3238 258 27580
2224 1193 23130
1193 2224 23130
8531 5274 12075
5274 8531 12075
1540 6789 18704
6789 1540 18704
7647 5896 11220
5896 7647 11220
9185 4913 14339
4913 9185 14339
5806 2396 29118
2396 5806 29118
9185 622 26263
622 9185 26263
1636 1328 31221
1328 1636 31221
9338 9585 7990
9585 9338 7990
2562 3165 4273
3165 2562 4273
4526 2175 113
2175 4526 113
5079 919 13079
919 5079 13079
770 9834 28607
9834 770 28607
9939 6510 21977
6510 9939 21977
7117 165 30952
165 7117 30952
1596 6029 8497
6029 1596 8497
1328 4194 27006
4194 1328 27006
8063 6810 25573
6810 8063 25573
1636 5381 23026
5381 1636 23026
2146 4520 8777
4520 2146 8777
3124 10179 7716
10179 3124 7716
7561 10247 1934
10247 7561 1934
4490 5150 21896
5150 4490 21896
9360 4711 28344
4711 9360 28344
4490 9386 5933
9386 4490 5933
3880 492 1541
492 3880 1541
5150 2584 4169
2584 5150 4169
5694 6751 2749
6751 5694 2749
5870 6540 27677
6540 5870 27677
1644 1835 5273
1835 1644 5273
10247 1453 4686
1453 10247 4686
8025 4591 12101
4591 8025 12101
6029 6227 17662
6227 6029 17662
2584 5784 26023
5784 2584 26023
5870 9594 31311
9594 5870 31311
3880 10026 13816
10026 3880 13816
1856 9591 1305
9591 1856 1305
10179 9994 30407
9994 10179 30407
5870 423 20215
423 5870 20215
5117 1976 21638
1976 5117 21638
5784 5396 6644
5396 5784 6644
1636 2144 3124
2144 1636 3124
7922 9329 2691
9329 7922 2691
2224 6223 13107
6223 2224 13107
6751 2515 10891
2515 6751 10891
5181 3853 1403
3853 5181 1403
2887 8800 15521
8800 2887 15521
5396 1627 10912
1627 5396 10912
1540 8764 8913
8764 1540 8913
6789 686 30566
686 6789 30566
2214 3849 24198
3849 2214 24198
10034 1260 13531
1260 10034 13531
945 9755 22377
9755 945 22377
1645 462 14122
462 1645 14122
9150 1916 13648
1916 9150 13648
8871 4501 23977
4501 8871 23977
1856 651 15776
651 1856 15776
919 175 17104
175 919 17104
518 1234 24223
1234 518 24223
10001 4907 15891
4907 10001 15891
9360 9512 29614
9512 9360 29614
1193 2782 13024
2782 1193 13024
9771 9369 25454
9369 9771 25454
6716 8104 20270
8104 6716 20270
6510 3741 5421
3741 6510 5421
5396 5306 8532
5306 5396 8532
6810 5532 27958
5532 6810 27958
5163 914 8239
914 5163 8239
1976 381 6105
381 1976 6105
6510 3070 12731
3070 6510 12731
7117 1817 31045
1817 7117 31045
10026 562 15278
562 10026 15278
5896 3505 11401
3505 5896 11401
6685 153 9900
153 6685 9900
2396 6272 9819
6272 2396 9819
10171 8695 18488
8695 10171 18488
9379 2624 24686
2624 9379 24686
9591 3048 12398
3048 9591 12398
2624 936 30853
936 2624 30853
9846 2982 12315
2982 9846 12315
10171 5936 31370
5936 10171 31370
4711 1041 24804
1041 4711 24804
1636 9368 12094
9368 1636 12094
7561 3524 23661
3524 7561 23661
6029 8307 20850
8307 6029 20850
3849 8583 28862
8583 3849 28862
6540 9845 2499
9845 6540 2499
1739 390 20317
390 1739 20317
2691 38 5447
38 2691 5447
9379 6231 16860
6231 9379 16860
9329 7620 5558
7620 9329 5558
1645 3319 10686
3319 1645 10686
1627 4997 18929
4997 1627 18929
6389 2808 19205
2808 6389 19205
9771 5738 25590
5738 9771 25590
2224 3625 26577
3625 2224 26577
10001 8700 28062
8700 10001 28062
9994 5457 22729
5457 9994 22729
9386 2087 16317
2087 9386 16317
6789 7328 24913
7328 6789 24913
5117 3331 1914
3331 5117 1914
5396 8976 20403
8976 5396 20403
126 1347 17402
1347 126 17402
9386 636 22724
636 9386 22724
6029 5187 6831
5187 6029 6831
9368 675 23475
675 9368 23475
1835 8805 27376
8805 1835 27376
7922 3112 9728
3112 7922 9728
9360 8933 14751
8933 9360 14751
4288 9941 14538
9941 4288 14538
5540 1655 29711
1655 5540 29711
9386 4099 18427
4099 9386 18427
1645 3126 13664
3126 1645 13664
9329 2137 246
2137 9329 246
754 5100 15377
5100 754 15377
3048 3274 27095
3274 3048 27095
3880 1091 9592
1091 3880 9592
8531 8901 11104
8901 8531 11104
10025 6975 25432
6975 10025 25432
2927 6158 10028
6158 2927 10028
8063 2607 17370
2607 8063 17370
5150 5816 10436
5816 5150 10436
3126 5288 24199
5288 3126 24199
9338 656 7064
656 9338 7064
919 4565 22815
4565 919 22815
7193 1999 18719
1999 7193 18719
4711 4256 19806
4256 4711 19806
5457 8070 2436
8070 5457 2436
6685 2213 13576
2213 6685 13576
2624 1599 22175
1599 2624 22175
2412 1168 13275
1168 2412 13275
381 6886 9272
6886 381 9272
6751 1661 28468
1661 6751 28468
4565 469 4550
469 4565 4550
2144 6365 29069
6365 2144 29069
5163 41 18721
41 5163 18721
3505 2178 27677
2178 3505 27677
6474 1747 31456
1747 6474 31456
8901 2838 4922
2838 8901 4922
1929 3383 13409
3383 1929 13409
1596 5633 25176
5633 1596 25176
1636 2990 5288
2990 1636 5288
5187 1919 23220
1919 5187 23220
915 8327 31896
8327 915 31896
165 4807 23565
4807 165 23565
9591 1246 3125
1246 9591 3125
2137 9849 6392
9849 2137 6392
3319 1299 25072
1299 3319 25072
1661 7109 28852
7109 1661 28852
2178 10153 29226
10153 2178 29226
2927 9362 13960
9362 2927 13960
3741 6 15470
6 3741 15470
9368 8926 13073
8926 9368 13073
1661 4143 28957
4143 1661 28957
9185 3125 1545
3125 9185 1545
10179 10203 5495
10203 10179 5495
622 7061 3953
7061 622 3953
2782 2111 11591
2111 2782 11591
1644 363 15648
363 1644 15648
126 9371 14496
9371 126 14496
1168 1815 5669
1815 1168 5669
1636 1362 14700
1362 1636 14700
10171 3855 12168
3855 10171 12168
10153 1083 18362
1083 10153 18362
5381 2340 28223
2340 5381 28223
2214 614 19725
614 2214 19725
2412 411 10359
411 2412 10359
945 4115 7709
4115 945 7709
7548 7586 27787
7586 7548 27787
5301 710 10188
710 5301 10188
469 8076 32307
8076 469 32307
754 4222 3892
4222 754 3892
7193 1474 2768
1474 7193 2768
2111 2506 19999
2506 2111 19999
9771 6395 15343
6395 9771 15343
3165 2193 19529
2193 3165 19529
153 7766 15176
7766 153 15176
5396 5242 2872
5242 5396 2872
1168 6970 32234
6970 1168 32234
5396 8253 32146
8253 5396 32146
1289 9134 21596
9134 1289 21596
8104 4802 25651
4802 8104 25651
9630 5545 23498
5545 9630 23498
3849 4103 23163
4103 3849 23163
4194 6318 4260
6318 4194 4260
1234 4689 26753
4689 1234 26753
41 7333 32053
7333 41 32053
1817 8103 19764
8103 1817 19764
7766 7866 24349
7866 7766 24349
7922 7390 2963
7390 7922 2963
3625 3204 13489
3204 3625 13489
5633 61 28029
61 5633 28029
469 7047 32684
7047 469 32684
6158 6121 29643
6121 6158 29643
5457 95 15549
95 5457 15549
686 4987 24241
4987 686 24241
1835 3311 10195
3311 1835 10195
1246 3231 27295
3231 1246 27295
3238 3190 29488
3190 3238 29488
9137 6930 23824
6930 9137 23824
6 7263 11185
7263 6 11185
6395 1614 23054
1614 6395 23054
1083 319 11985
319 1083 11985
8976 5461 1617
5461 8976 1617
3849 7531 26431
7531 3849 26431
1193 5121 839
5121 1193 839
8871 6243 2870
6243 8871 2870
7205 2994 10599
2994 7205 10599
4321 288 25545
288 4321 25545
10203 7105 23191
7105 10203 23191
9185 5158 18144
5158 9185 18144
5274 2394 10643
2394 5274 10643
1453 3382 30122
3382 1453 30122
8025 7597 13459
7597 8025 13459
4526 3321 3991
3321 4526 3991
1234 8742 16554
8742 1234 16554
534 3479 20043
3479 534 20043
2691 8375 12423
8375 2691 12423
5936 10090 22787
10090 5936 22787
5694 973 11431
973 5694 11431
2175 3647 15965
3647 2175 15965
8700 6851 3101
6851 8700 3101
4802 2858 6540
2858 4802 6540
9185 2630 5235
2630 9185 5235
9834 4202 9301
4202 9834 9301
319 1500 19537
1500 319 19537
381 5172 2418
5172 381 2418
5816 7870 12275
7870 5816 12275
5181 9366 17192
9366 5181 17192
1041 6484 26516
6484 1041 26516
3524 6889 16431
6889 3524 16431
2111 5306 32594
5306 2111 32594
258 8433 32072
8433 258 32072
7531 5960 23870
5960 7531 23870
2144 9770 19468
9770 2144 19468
9994 3601 7568
3601 9994 7568
8695 7916 12253
7916 8695 12253
9360 2538 26169
2538 9360 26169
5163 8175 8193
8175 5163 8193
6751 7495 31307
7495 6751 31307
381 4189 10824
4189 381 10824
9846 5713 10987
5713 9846 10987
492 1974 29650
1974 492 29650
915 8324 1740
8324 915 1740
1260 7962 32212
7962 1260 32212
9371 3008 10851
3008 9371 10851
4276 5435 29287
5435 4276 29287
6540 9857 8788
9857 6540 8788
5784 9868 8638
9868 5784 8638
637 8827 16071
8827 637 16071
6851 7491 21098
7491 6851 21098
469 2407 20903
2407 469 20903
2111 6365 10088
6365 2111 10088
3601 7046 27389
7046 3601 27389
10001 3916 13606
3916 10001 13606
6223 7692 3546
7692 6223 3546
1596 7548 31448
7548 1596 31448
6158 445 23960
445 6158 23960
4526 777 26527
777 4526 26527
8510 5975 13913
5975 8510 13913
7328 4113 27510
4113 7328 27510
4913 1755 21764
1755 4913 21764
5172 4199 25069
4199 5172 25069
7105 1703 29243
1703 7105 29243
6789 8781 30982
8781 6789 30982
7328 1351 20725
1351 7328 20725
9329 7679 8413
7679 9329 8413
4202 6863 3272
6863 4202 3272
4761 3071 8419
3071 4761 8419
4987 5854 15628
5854 4987 15628
7484 5400 13769
5400 7484 13769
9371 8614 6475
8614 9371 6475
10070 9282 10109
9282 10070 10109
9883 61 203
61 9883 203
7597 10014 10423
10014 7597 10423
9857 531 27156
531 9857 27156
4189 6605 6676
6605 4189 6676
3238 1491 8378
1491 3238 8378
1491 9576 2225
9576 1491 2225
2137 1383 9937
1383 2137 9937
2412 5835 1205
5835 2412 1205
518 6382 23770
6382 518 23770
4194 358 18019
358 4194 18019
7047 202 3598
202 7047 3598
6975 2055 6261
2055 6975 6261
6810 1153 30793
1153 6810 30793
4711 359 13562
359 4711 13562
3112 3051 11785
3051 3112 11785
1655 9652 15853
9652 1655 15853
9585 1195 5687
1195 9585 5687
2144 536 19770
536 2144 19770
8375 7268 8378
7268 8375 8378
7620 7067 20469
7067 7620 20469
9585 6418 22536
6418 9585 22536
2584 9966 3809
9966 2584 3809
3231 9781 5922
9781 3231 5922
9994 1195 31396
1195 9994 31396
8253 3752 10441
3752 8253 10441
2538 3834 7227
3834 2538 7227
2055 1377 16339
1377 2055 16339
9282 287 31367
287 9282 31367
7962 630 25048
630 7962 25048
7495 8531 27654
8531 7495 27654
5187 4903 21695
4903 5187 21695
445 586 14368
586 445 14368
5150 7198 13519
7198 5150 13519
9576 4571 11656
4571 9576 11656
2887 1698 23621
1698 2887 23621
462 4938 31649
4938 462 31649
614 129 1713
129 614 1713
2584 1780 15085
1780 2584 15085
10025 8252 27001
8252 10025 27001
8742 7113 13545
7113 8742 13545
9845 7280 10327
7280 9845 10327
3853 4552 13797
4552 3853 13797
5381 2324 26546
2324 5381 26546
411 500 5054
500 411 5054
5461 1737 6171
1737 5461 6171
6365 3573 10878
3573 6365 10878
7046 1718 15705
1718 7046 15705
4113 3847 27724
3847 4113 27724
9362 246 14534
246 9362 14534
8175 4052 21566
4052 8175 21566
2324 7928 20976
7928 2324 20976
3741 3367 9182
3367 3741 9182
10171 9421 10679
9421 10171 10679
5163 4916 24964
4916 5163 24964
3070 6578 17248
6578 3070 17248
9379 8391 8666
8391 9379 8666
10025 4929 11349
4929 10025 11349
6975 595 20768
595 6975 20768
1289 3750 22151
3750 1289 22151
936 1535 258
1535 936 258
1491 3975 17078
3975 1491 17078
5960 667 17967
667 5960 17967
8391 7971 28417
7971 8391 28417
359 6956 31977
6956 359 31977
390 4110 29583
4110 390 29583
2515 8741 28220
8741 2515 28220
6886 8711 6709
8711 6886 6709
4938 5124 22451
5124 4938 22451
6227 5087 24414
5087 6227 24414
5087 8991 21908
8991 5087 21908
500 1870 31139
1870 500 31139
6789 4032 13328
4032 6789 13328
1289 2007 4822
2007 1289 4822
1195 8933 17897
8933 1195 17897
7484 8665 6252
8665 7484 6252
3008 9063 8058
9063 3008 8058
9282 6136 17035
6136 9282 17035
2506 4838 2858
4838 2506 2858
3051 3591 30754
3591 3051 30754
9386 7732 18605
7732 9386 18605
7766 8449 23517
8449 7766 23517
8614 6389 15009
6389 8614 15009
2214 5550 24785
5550 2214 24785
7193 8497 7783
8497 7193 7783
9755 3236 5929
3236 9755 5929
1535 1198 22605
1198 1535 22605
258 1982 16461
1982 258 16461
8104 470 21089
470 8104 21089
8253 6250 30510
6250 8253 30510
390 3199 30337
3199 390 30337
9755 49 9405
49 9755 9405
8497 8219 31884
8219 8497 31884
5854 7466 25021
7466 5854 25021
1299 2922 11197
2922 1299 11197
9857 6002 7783
6002 9857 7783
1246 926 23184
926 1246 23184
10025 3557 15780
3557 10025 15780
6389 5424 31436
5424 6389 31436
2192 2967 5310
2967 2192 5310
5816 6906 26497
6906 5816 26497
5457 7303 16859
7303 5457 16859
3591 537 2334
537 3591 2334
4032 505 23209
505 4032 23209
3051 8294 18404
8294 3051 18404
5435 8376 25072
8376 5435 25072
9421 8944 16231
8944 9421 16231
1974 10223 3604
10223 1974 3604
7047 6284 17889
6284 7047 17889
2007 8615 943
8615 2007 943
9781 3580 12407
3580 9781 12407
3601 7607 3772
7607 3601 3772
7561 2155 22984
2155 7561 22984
3741 7706 27157
7706 3741 27157
165 3639 25179
3639 165 25179
6578 2846 6198
2846 6578 6198
1999 1710 31433
1710 1999 31433
5079 8178 375
8178 5079 375
9134 343 21941
343 9134 21941
7117 2030 19265
2030 7117 19265
4143 10126 13295
10126 4143 13295
9185 3641 30958
3641 9185 30958
1710 2044 26456
2044 1710 26456
5936 216 12877
216 5936 12877
6121 7977 14686
7977 6121 14686
469 6203 21765
6203 469 21765
7620 4147 26663
4147 7620 26663
4520 234 3403
234 4520 3403
2030 7321 31181
7321 2030 31181
1999 696 26533
696 1999 26533
3834 7606 1839
7606 3834 1839
8510 1898 28854
1898 8510 28854
6810 8416 26693
8416 6810 26693
4591 6799 22847
6799 4591 22847
4526 9116 27138
9116 4526 27138
1982 2707 993
2707 1982 993
49 8051 31259
8051 49 31259
9755 8876 12091
8876 9755 12091
9362 7654 3926
7654 9362 3926
2178 1265 27266
1265 2178 27266
363 1055 5419
1055 363 5419
1453 366 31649
366 1453 31649
2030 3432 22493
3432 2030 22493
5461 1437 9599
1437 5461 9599
1976 2537 27222
2537 1976 27222
3849 6429 8710
6429 3849 8710
7706 5073 20838
5073 7706 20838
4761 1053 30455
1053 4761 30455
6250 6618 30781
6618 6250 30781
10025 3978 23992
3978 10025 23992
8871 4390 8244
4390 8871 8244
258 9945 5523
9945 258 5523
7109 10029 12862
10029 7109 12862
1328 2633 29996
2633 1328 29996
2691 6266 8861
6266 2691 8861
1351 3450 15119
3450 1351 15119
1780 1888 1966
1888 1780 1966
6618 1482 18086
1482 6618 18086
9576 6895 10982
6895 9576 10982
945 9700 23043
9700 945 23043
6889 4950 18265
4950 6889 18265
6685 290 6698
290 6685 6698
5158 8688 27486
8688 5158 27486
359 3741 1782
3741 359 1782
1755 620 6966
620 1755 6966
4907 528 25763
528 4907 25763
3847 8997 28857
8997 3847 28857
290 4215 24740
4215 290 24740
656 670 6255
670 656 6255
8253 1163 26706
1163 8253 26706
4032 701 18094
701 4032 18094
537 3639 910
3639 537 910
9338 3547 8080
3547 9338 8080
8997 5986 24184
5986 8997 24184
7205 9572 8915
9572 7205 8915
411 6418 21698
6418 411 21698
6863 6307 2317
6307 6863 2317
7647 5731 5702
5731 7647 5702
1328 377 12727
377 1328 12727
1482 9419 12268
9419 1482 12268
537 296 23033
296 537 23033
3750 4808 13572
4808 3750 13572
2193 8467 25153
8467 2193 25153
5633 5529 17565
5529 5633 17565
8376 10085 32004
10085 8376 32004
469 1459 896
1459 469 896
3008 8311 19271
8311 3008 19271
61 9324 11994
9324 61 11994
7561 2619 15286
2619 7561 15286
4520 1018 29881
1018 4520 29881
3383 8663 1906
8663 3383 1906
1636 954 5864
954 1636 5864
3510 2446 29674
2446 3510 29674
3048 1656 20940
1656 3048 20940
3071 3092 9040
3092 3071 9040
1500 3399 25685
3399 1500 25685
7280 4829 17804
4829 7280 17804
7117 2977 14110
2977 7117 14110
9368 7718 31162
7718 9368 31162
9700 5368 20554
5368 9700 20554
6605 1185 13462
1185 6605 13462
2707 4659 20170
4659 2707 20170
6158 5358 6760
5358 6158 6760
8944 1241 25359
1241 8944 25359
9966 1714 31560
1714 9966 31560
4552 8669 29773
8669 4552 29773
8175 3366 5842
3366 8175 5842
3319 10157 10462
10157 3319 10462
6203 4245 2214
4245 6203 2214
5424 1282 11631
1282 5424 11631
8076 871 20809
871 8076 20809
4256 8503 10732
8503 4256 10732
1703 2325 26423
2325 1703 26423
670 3011 9332
3011 670 9332
9324 4500 10836
4500 9324 10836
2146 2247 29109
2247 2146 29109
10090 1396 2043
1396 10090 2043
7866 5064 3971
5064 7866 3971
9150 7208 10319
7208 9150 10319
423 1922 12679
1922 423 12679
3236 7219 11693
7219 3236 11693
1163 1815 12629
1815 1163 12629
6930 3749 30018
3749 6930 30018
8971 5121 19025
5121 8971 19025
1703 759 29753
759 1703 29753
6158 3414 24354
3414 6158 24354
2030 8730 20223
8730 2030 20223
4222 4602 18861
4602 4222 18861
7067 1377 12416
1377 7067 12416
3367 4954 14280
4954 3367 14280
5715 4056 17790
4056 5715 17790
3853 10293 9770
10293 3853 9770
6136 1079 9290
1079 6136 9290
3954 4275 30781
4275 3954 30781
8827 9007 25468
9007 8827 25468
6789 5550 18142
5550 6789 18142
4552 1699 17035
1699 4552 17035
7706 2551 6455
2551 7706 6455
5550 492 7505
492 5550 7505
5545 9609 8747
9609 5545 8747
9386 1905 32730
1905 9386 32730
2039 211 8728
211 2039 8728
8327 6741 8721
6741 8327 8721
7654 889 32721
889 7654 32721
10171 8212 27438
8212 10171 27438
1437 8467 23839
8467 1437 23839
1655 10278 27367
10278 1655 27367
8764 4150 10804
4150 8764 10804
1645 1996 2778
1996 1645 2778
3591 1832 22732
1832 3591 22732
6810 9606 9389
9606 6810 9389
8781 6107 6894
6107 8781 6894
1195 9273 14794
9273 1195 14794
5121 5443 25235
5443 5121 25235
296 5710 20430
5710 296 20430
4571 9299 28312
9299 4571 28312
9868 6344 255
6344 9868 255
4115 9043 26308
9043 4115 26308
5187 9917 12896
9917 5187 12896
620 8789 11220
8789 620 11220
3399 5692 10568
5692 3399 10568
38 2646 25018
2646 38 25018
1929 5747 30845
5747 1929 30845
2515 7105 10654
7105 2515 10654
4194 8465 322
8465 4194 322
7586 2984 20034
2984 7586 20034
4711 54 7905
54 4711 7905
6956 398 8403
398 6956 8403
8391 8035 5009
8035 8391 5009
9366 1158 15694
1158 9366 15694
9282 8680 969
8680 9282 969
8294 6327 13569
6327 8294 13569
5713 6647 18783
6647 5713 18783
4802 493 730
493 4802 730
1474 440 14858
440 1474 14858
10034 880 113
880 10034 113
1459 739 13589
739 1459 13589
1328 9230 9245
9230 1328 9245
8376 1018 31343
1018 8376 31343
8926 324 28530
324 8926 28530
6389 807 345
807 6389 345
6418 871 29427
871 6418 29427
2087 4425 20312
4425 2087 20312
5835 5898 30439
5898 5835 30439
7390 8398 16455
8398 7390 16455
2538 910 650
910 2538 650
8103 9035 22160
9035 8103 22160
8253 9929 29203
9929 8253 29203
4052 2107 5874
2107 4052 5874
8933 4419 24907
4419 8933 24907
6889 4147 13677
4147 6889 13677
7561 5613 13219
5613 7561 13219
211 6235 285
6235 211 285
3124 5032 17419
5032 3124 17419
915 1458 6958
1458 915 6958
696 1718 5628
1718 696 5628
4425 8939 10549
8939 4425 10549
6231 8615 3698
8615 6231 3698
7531 5443 28048
5443 7531 28048
1929 7503 5830
7503 1929 5830
1299 5928 4242
5928 1299 4242
3125 9385 25770
9385 3125 25770
1815 4436 31665
4436 1815 31665
7046 3799 18872
3799 7046 18872
2224 1238 1007
1238 2224 1007
759 1259 12875
1259 759 12875
9941 2959 21290
2959 9941 21290
6863 2544 11941
2544 6863 11941
620 6004 6182
6004 620 6182
246 5329 21126
5329 246 21126
10085 3154 4967
3154 10085 4967
2994 3206 14023
3206 2994 14023
759 8126 11055
8126 759 11055
9883 8734 17809
8734 9883 17809
6647 362 23368
362 6647 23368
595 7335 1354
7335 595 1354
7679 6306 9563
6306 7679 9563
8944 7960 8018
7960 8944 8018
3573 5014 11517
5014 3573 11517
9966 8053 14107
8053 9966 14107
2858 778 30412
778 2858 30412
6618 5634 6990
5634 6618 6990
2808 2100 25630
2100 2808 25630
1437 154 15858
154 1437 15858
1535 7804 3383
7804 1535 3383
3092 302 467
302 3092 467
1698 971 6665
971 1698 6665
759 2794 6813
2794 759 6813
8700 2878 15837
2878 8700 15837
1698 7691 19043
7691 1698 19043
2340 7176 5248
7176 2340 5248
7607 6925 654
6925 7607 654
7503 4333 24519
4333 7503 24519
3647 5551 10084
5551 3647 10084
5443 5990 6786
5990 5443 6786
8615 3515 15527
3515 8615 15527
440 9614 4673
9614 440 4673
423 8355 26374
8355 423 26374
9781 2505 19305
2505 9781 19305
3515 1361 16709
1361 3515 16709
10153 4609 27544
4609 10153 27544
2551 2989 21875
2989 2551 21875
5529 7963 21573
7963 5529 21573
49 3669 27018
3669 49 27018
423 394 3094
394 423 3094
2214 4068 3133
4068 2214 3133
2506 543 8055
543 2506 8055
4501 972 14830
972 4501 14830
8051 2289 20798
2289 8051 20798
3238 5748 23299
5748 3238 23299
7679 6050 23184
6050 7679 23184
2214 6648 5128
6648 2214 5128
2379 7401 9540
7401 2379 9540
586 871 13669
871 586 13669
1599 3319 28266
3319 1599 28266
8185 756 23449
756 8185 23449
945 1428 9935
1428 945 9935
4807 1595 21034
1595 4807 21034
5540 7160 17799
7160 5540 17799
1718 4023 23257
4023 1718 23257
8076 8322 9457
8322 8076 9457
5150 1898 26544
1898 5150 26544
1739 7036 31914
7036 1739 31914
4150 8161 29189
8161 4150 29189
5694 8741 11110
8741 5694 11110
6789 2420 12691
2420 6789 12691
3331 349 22964
349 3331 22964
8433 444 24104
444 8433 24104
3190 209 6924
209 3190 6924
8711 6314 11168
6314 8711 11168
5529 1507 9408
1507 5529 9408
6318 8237 9000
8237 6318 9000
630 2757 2723
2757 630 2723
10090 6402 11771
6402 10090 11771
6930 854 16257
854 6930 16257
8294 3782 25876
3782 8294 25876
1698 8193 27589
8193 1698 27589
3880 9749 22159
9749 3880 22159
1780 3556 5850
3556 1780 5850
1737 4944 15533
4944 1737 15533
165 628 12327
628 165 12327
1361 1274 27574
1274 1361 27574
9846 3627 19134
3627 9846 19134
8126 6690 21298
6690 8126 21298
6474 10065 27409
10065 6474 27409
5532 3786 9257
3786 5532 9257
8467 6519 10314
6519 8467 10314
8991 277 20847
277 8991 20847
5747 32 11035
32 5747 11035
3639 4969 41
4969 3639 41
366 940 21024
940 366 21024
8219 1843 28168
1843 8219 28168
1747 2857 2089
2857 1747 2089
8669 6237 8174
6237 8669 8174
5158 5978 13062
5978 5158 13062
61 7069 9985
7069 61 9985
6203 1613 8617
1613 6203 8617
7870 9680 17231
9680 7870 17231
5187 1190 5822
1190 5187 5822
7109 759 29329
759 7109 29329
1916 5086 2314
5086 1916 2314
5400 1436 24243
1436 5400 24243
1737 7125 1319
7125 1737 1319
3880 10137 29480
10137 3880 29480
7113 5044 21631
5044 7113 21631
5713 3489 28983
3489 5713 28983
701 6067 15252
6067 701 15252
4256 2804 31421
2804 4256 31421
7390 3931 22004
3931 7390 22004
8876 131 2080
131 8876 2080
10278 4268 24684
4268 10278 24684
5731 7883 26973
7883 5731 26973
686 288 12880
288 686 12880
8185 321 7042
321 8185 7042
10090 39 19714
39 10090 19714
5928 2638 13040
2638 5928 13040
9572 7930 21741
7930 9572 21741
1328 6722 12337
6722 1328 12337
9868 4839 2486
4839 9868 2486
777 8850 6221
8850 777 6221
1195 4625 31573
4625 1195 31573
8161 3409 27367
3409 8161 27367
7160 7843 22604
7843 7160 22604
366 186 24449
186 366 24449
5550 8947 21821
8947 5550 21821
6227 2238 183
2238 6227 183
9379 5978 26763
5978 9379 26763
9788 9375 5979
9375 9788 5979
1656 3166 29894
3166 1656 29894
10293 3035 12465
3035 10293 12465
10065 6020 4889
6020 10065 4889
5032 3069 12859
3069 5032 12859
4689 804 2802
804 4689 2802
10223 4880 13014
4880 10223 13014
8433 5077 13973
5077 8433 13973
7160 7595 1051
7595 7160 1051
543 3334 11364
3334 543 11364
2379 8164 18494
8164 2379 18494
7484 754 4854
754 7484 4854
6722 885 28637
885 6722 28637
246 2002 6747
2002 246 6747
3367 4104 22662
4104 3367 22662
2584 5168 16162
5168 2584 16162
4609 5398 20439
5398 4609 20439
440 1520 19441
1520 440 19441
7176 37 18559
37 7176 18559
3321 9426 5330
9426 3321 5330
1193 151 26012
151 1193 26012
4490 7517 13199
7517 4490 13199
2982 5032 30229
5032 2982 30229
5100 9349 11941
9349 5100 11941
7843 7109 23820
7109 7843 23820
2984 3492 31923
3492 2984 31923
710 839 1405
839 710 1405
637 8980 21633
8980 637 21633
5443 5729 11933
5729 5443 11933
4829 147 15845
147 4829 15845
3367 2463 27554
2463 3367 27554
8337 1587 29233
1587 8337 29233
6618 9018 27883
9018 6618 27883
9680 9547 23287
9547 9680 23287
10025 8493 25040
8493 10025 25040
4333 8104 29756
8104 4333 29756
6810 1323 18814
1323 6810 18814
1645 5091 4988
5091 1645 4988
5368 8349 11937
8349 5368 11937
1815 4571 9987
4571 1815 9987
3190 2564 23770
2564 3190 23770
6020 4792 31114
4792 6020 31114
3399 6949 28712
6949 3399 28712
9846 898 29726
898 9846 29726
9846 7525 32204
7525 9846 32204
7263 7257 19635
7257 7263 19635
8433 6782 21340
6782 8433 21340
7732 1320 6647
1320 7732 6647
3367 8521 13299
8521 3367 13299
3853 9563 30016
9563 3853 30016
2782 60 25798
60 2782 25798
8789 5216 14758
5216 8789 14758
7843 7632 4492
7632 7843 4492
9945 3955 7087
3955 9945 7087
4571 7379 26221
7379 4571 26221
9386 4931 22287
4931 9386 22287
9386 3269 130
3269 9386 130
1053 208 6255
208 1053 6255
1018 2857 22273
2857 1018 22273
10034 1014 10042
1014 10034 10042
9230 3581 20148
3581 9230 20148
165 8899 14298
8899 165 14298
2506 2910 5703
2910 2506 5703
3432 538 18674
538 3432 18674
10157 3208 1417
3208 10157 1417
8899 2321 3698
2321 8899 3698
5550 7773 21188
7773 5550 21188
1168 396 17312
396 1168 17312
9857 2519 22705
2519 9857 22705
4215 780 22880
780 4215 22880
4838 2847 11437
2847 4838 11437
4199 1828 26728
1828 4199 26728
1163 9523 14397
9523 1163 14397
1699 958 10025
958 1699 10025
10278 7613 14861
7613 10278 14861
4147 6310 29060
6310 4147 29060
1241 2201 20962
2201 1241 20962
5545 5743 17586
5743 5545 17586
7047 10299 22583
10299 7047 22583
363 5713 31713
5713 363 31713
7105 634 3464
634 7105 3464
9421 1880 10870
1880 9421 10870
6647 7260 30318
7260 6647 30318
6004 5450 14071
5450 6004 14071
6136 8214 20761
8214 6136 20761
6402 3441 26117
3441 6402 26117
8104 2973 17874
2973 8104 17874
165 2848 26349
2848 165 26349
1661 361 6023
361 1661 6023
10126 5196 15295
5196 10126 15295
3366 7242 31374
7242 3366 31374
6243 8324 5357
8324 6243 5357
1018 5102 10014
5102 1018 10014
4256 2874 31954
2874 4256 31954
9630 6290 2623
6290 9630 2623
8185 4173 2499
4173 8185 2499
9572 4577 29452
4577 9572 29452
10171 6373 19825
6373 10171 19825
2584 8580 5030
8580 2584 5030
8669 3563 28348
3563 8669 28348
6327 539 29742
539 6327 29742
8103 3421 22358
3421 8103 22358
4023 101 23441
101 4023 23441
1079 1502 12477
1502 1079 12477
7517 1297 1308
1297 7517 1308
9857 8974 9337
8974 9857 9337
6223 6400 2822
6400 6223 2822
2707 398 418
398 2707 418
1246 4650 3446
4650 1246 3446
10085 134 7697
134 10085 7697
958 5787 6833
5787 958 6833
5715 7005 5080
7005 5715 5080
7766 3011 2159
3011 7766 2159
362 289 27595
289 362 27595
5978 1119 6031
1119 5978 6031
8391 6214 27709
6214 8391 27709
6250 10234 12955
10234 6250 12955
296 7376 12105
7376 296 12105
5424 6490 11483
6490 5424 11483
3931 2189 26167
2189 3931 26167
9846 2831 27381
2831 9846 27381
10223 7698 22493
7698 10223 22493
7303 4997 7993
4997 7303 7993
9523 9014 17938
9014 9523 17938
8212 7493 4915
7493 8212 4915
1274 2034 2694
2034 1274 2694
4938 8015 9505
8015 4938 9505
2506 1664 30111
1664 2506 30111
2838 8416 31565
8416 2838 31565
7928 2941 23083
2941 7928 23083
3853 7099 18573
7099 3853 18573
7263 7864 18185
7864 7263 18185
9939 4171 9291
4171 9939 9291
1193 268 19478
268 1193 19478
756 3730 15845
3730 756 15845
3639 8462 23034
8462 3639 23034
10157 5500 26190
5500 10157 26190
539 2341 25779
2341 539 25779
2584 4933 23594
4933 2584 23594
7922 2738 32494
2738 7922 32494
3399 4589 17889
4589 3399 17889
8669 5212 14472
5212 8669 14472
910 1393 8801
1393 910 8801
4829 1478 13525
1478 4829 13525
7960 9276 1153
9276 7960 1153
9939 2538 15735
2538 9939 15735
154 1120 30274
1120 154 30274
1703 3282 7407
3282 1703 7407
2757 5211 14441
5211 2757 14441
4147 3915 22579
3915 4147 22579
9788 9447 2081
9447 9788 2081
1974 7813 228
7813 1974 228
6906 7044 30626
7044 6906 30626
880 3798 25088
3798 880 25088
5457 8369 2076
8369 5457 2076
9230 446 18210
446 9230 18210
4256 3291 25163
3291 4256 25163
3627 2784 8879
2784 3627 8879
3269 948 6277
948 3269 6277
9421 8560 29051
8560 9421 29051
101 6682 6180
6682 101 6180
3274 9173 31448
9173 3274 31448
1520 6744 10641
6744 1520 10641
7321 5098 511
5098 7321 511
2633 5378 25953
5378 2633 25953
5102 8399 14936
8399 5102 14936
5121 5305 10818
5305 5121 10818
5500 8801 25110
8801 5500 25110
1655 7049 12972
7049 1655 12972
9770 6328 24333
6328 9770 24333
7125 10218 14993
10218 7125 14993
1835 3535 10208
3535 1835 10208
5079 9533 1147
9533 5079 1147
6214 9315 14288
9315 6214 14288
973 4565 19167
4565 973 19167
2941 7045 21968
7045 2941 21968
8669 7866 5524
7866 8669 5524
8252 3951 10163
3951 8252 10163
7303 6769 21662
6769 7303 21662
3112 6943 28806
6943 3112 28806
39 9871 22749
9871 39 22749
8871 6295 1403
6295 8871 1403
1153 8220 6203
8220 1153 6203
3639 4994 1773
4994 3639 1773
1238 3371 28264
3371 1238 28264
7607 1171 21344
1171 7607 21344
1299 4066 3150
4066 1299 3150
8700 3993 2197
3993 8700 2197
3853 6537 22461
6537 3853 22461
10070 446 19203
446 10070 19203
7843 8977 27140
8977 7843 27140
973 5773 1618
5773 973 1618
1613 6758 30569
6758 1613 30569
6782 4132 31151
4132 6782 31151
8113 7860 715
7860 8113 715
2193 2623 14613
2623 2193 14613
7198 9176 10184
9176 7198 10184
1195 9184 26836
9184 1195 26836
4916 9712 19263
9712 4916 19263
8294 2834 27401
2834 8294 27401
1982 4431 29967
4431 1982 29967
1260 4414 3776
4414 1260 3776
2407 7428 18260
7428 2407 18260
1929 3801 7921
3801 1929 7921
7198 7282 18076
7282 7198 18076
8375 4439 927
4439 8375 927
696 3297 17348
3297 696 17348
234 3279 4544
3279 234 4544
396 794 896
794 396 896
6751 8551 14005
8551 6751 14005
3489 492 2235
492 3489 2235
10085 8423 29305
8423 10085 29305
4659 9068 32333
9068 4659 32333
2412 491 8154
491 2412 8154
10001 4045 29121
4045 10001 29121
7922 2490 27721
2490 7922 27721
4194 8724 13341
8724 4194 13341
9994 323 10549
323 9994 10549
2192 4792 5863
4792 2192 5863
1996 5054 24290
5054 1996 24290
3236 7851 10978
7851 3236 10978
1158 8005 19772
8005 1158 19772
4045 8515 29492
8515 4045 29492
6975 2451 24858
2451 6975 24858
914 8990 31476
8990 914 31476
4147 2786 9450
2786 4147 9450
3383 7718 13394
7718 3383 13394
7698 6445 27075
6445 7698 27075
8369 866 20439
866 8369 20439
5986 5366 25154
5366 5986 25154
10299 526 8052
526 10299 8052
1195 4061 15052
4061 1195 15052
4577 3107 27724
3107 4577 27724
4589 3827 29445
3827 4589 29445
8104 1130 14218
1130 8104 14218
396 9798 27288
9798 396 27288
3627 5285 32155
5285 3627 32155
696 5806 18351
5806 696 18351
323 9199 4263
9199 323 4263
343 10143 10142
10143 343 10142
3069 9201 18975
9201 3069 18975
3581 1030 31415
1030 3581 31415
3563 2859 31922
2859 3563 31922
3409 2342 4673
2342 3409 4673
153 5451 1810
5451 153 1810
5274 2306 21510
2306 5274 21510
9230 7764 32075
7764 9230 32075
4903 1634 18673
1634 4903 18673
2857 3101 24985
3101 2857 24985
8991 8602 25783
8602 8991 25783
2794 3271 9984
3271 2794 9984
5435 6440 642
6440 5435 642
972 2451 1810
2451 972 1810
3669 6444 14096
6444 3669 14096
10153 3297 25008
3297 10153 25008
8521 8763 21195
8763 8521 21195
4526 8536 14493
8536 4526 14493
446 2628 20160
2628 446 20160
2941 520 12862
520 2941 12862
7928 7211 30083
7211 7928 30083
2451 2302 13800
2302 2451 13800
4565 7050 30043
7050 4565 30043
7328 3699 31097
3699 7328 31097
4565 8246 15191
8246 4565 15191
1815 8099 2878
8099 1815 2878
2619 8331 3858
8331 2619 3858
8521 1270 21579
1270 8521 21579
7303 8725 30030
8725 7303 30030
520 3434 3794
3434 520 3794
9150 3232 29622
3232 9150 29622
2394 5972 2337
5972 2394 2337
323 7405 31329
7405 323 31329
7698 4119 6472
4119 7698 6472
5738 137 2031
137 5738 2031
9116 2308 11929
2308 9116 11929
2848 6288 9046
6288 2848 9046
6344 2568 17796
2568 6344 17796
288 7698 4792
7698 288 4792
7125 2310 30578
2310 7125 30578
2691 9529 22749
9529 2691 22749
2175 1496 17334
1496 2175 17334
5443 1873 2846
1873 5443 2846
2848 9765 20399
9765 2848 20399
1260 9609 4076
9609 1260 4076
4954 3355 2981
3355 4954 2981
6906 10279 23097
10279 6906 23097
6975 64 14093
64 6975 14093
5634 4988 20575
4988 5634 20575
7706 5679 31291
5679 7706 31291
4215 2440 19818
2440 4215 19818
2984 10160 1191
10160 2984 1191
6970 2671 8650
2671 6970 8650
5301 572 9809
572 5301 9809
9329 2644 13525
2644 9329 13525
2446 367 32743
367 2446 32743
3993 20 31393
20 3993 31393
4099 2341 30908
2341 4099 30908
2808 2366 27169
2366 2808 27169
2137 6270 31408
6270 2137 31408
6975 440 3467
440 6975 3467
2451 9114 21399
9114 2451 21399
8005 7909 15214
7909 8005 15214
1265 937 22728
937 1265 22728
1195 8622 4354
8622 1195 4354
8375 4770 21714
4770 8375 21714
2201 7146 30359
7146 2201 30359
3011 4817 12427
4817 3011 12427
7620 8478 23855
8478 7620 23855
7405 6708 32762
6708 7405 32762
1880 9681 4265
9681 1880 4265
9681 834 28877
834 9681 28877
7962 7090 31748
7090 7962 31748
4288 4453 23370
4453 4288 23370
288 4065 9634
4065 288 9634
8801 9003 14351
9003 8801 14351
4061 9115 1945
9115 4061 1945
7561 156 19443
156 7561 19443
9512 3061 19565
3061 9512 19565
1260 3008 18661
3008 1260 18661
1030 5197 29387
5197 1030 29387
4439 5816 15783
5816 4439 15783
37 7842 31518
7842 37 31518
2379 2232 18342
2232 2379 18342
470 4277 6163
4277 470 6163
4490 5309 24939
5309 4490 24939
7125 75 30570
75 7125 30570
531 1885 11605
1885 531 11605
4954 4405 10915
4405 4954 10915
2607 6653 3997
6653 2607 3997
919 2569 3944
2569 919 3944
8515 9626 7120
9626 8515 7120
7428 6955 26054
6955 7428 26054
423 6289 6467
6289 423 6467
3008 5623 5774
5623 3008 5774
3827 2565 32566
2565 3827 32566
2994 4063 5753
4063 2994 5753
5378 880 5270
880 5378 5270
7813 9563 25317
9563 7813 25317
3798 1131 10397
1131 3798 10397
8331 4232 23364
4232 8331 23364
8467 9195 28878
9195 8467 28878
4256 6781 18063
6781 4256 18063
4147 4442 19956
4442 4147 19956
9276 7175 13918
7175 9276 13918
954 6292 23855
6292 954 23855
1320 9475 16763
9475 1320 16763
2794 3251 6965
3251 2794 6965
5978 2906 19969
2906 5978 19969
971 7661 20307
7661 971 20307
1053 5578 26470
5578 1053 26470
6429 4273 16591
4273 6429 16591
6955 169 30474
169 6955 30474
8583 9164 13497
9164 8583 13497
462 6983 13845
6983 462 13845
4802 6646 11090
6646 4802 11090
739 1522 26067
1522 739 26067
3166 1681 7054
1681 3166 7054
7679 6183 22480
6183 7679 22480
5854 2004 20572
2004 5854 20572
3231 1481 8532
1481 3231 8532
491 8649 24250
8649 491 24250
8246 5213 3617
5213 8246 3617
3269 3618 15555
3618 3269 15555
9043 9569 5240
9569 9043 5240
8467 4131 8494
4131 8467 8494
5014 3533 16590
3533 5014 16590
8580 1727 20483
1727 8580 20483
126 881 22973
881 126 22973
5098 3153 9324
3153 5098 9324
7766 4632 27923
4632 7766 27923
8695 5092 20713
5092 8695 20713
4113 6278 7439
6278 4113 7439
2623 2244 18006
2244 2623 18006
7916 1993 28964
1993 7916 28964
6685 1383 18304
1383 6685 18304
5787 3052 12260
3052 5787 12260
1664 9344 12859
9344 1664 12859
7049 7084 28641
7084 7049 28641
1265 3861 18491
3861 1265 18491
7718 1593 11163
1593 7718 11163
1613 5095 4382
5095 1613 4382
1627 2910 18651
2910 1627 18651
505 3759 7268
3759 505 7268
8337 7876 15889
7876 8337 15889
518 8899 17737
8899 518 17737
1383 8055 24711
8055 1383 24711
5044 5314 29636
5314 5044 29636
5613 9759 31877
9759 5613 31877
4061 2964 32018
2964 4061 32018
2630 2401 13505
2401 2630 13505
3048 5934 2963
5934 3048 2963
2707 6160 22701
6160 2707 22701
4131 6623 10475
6623 4131 10475
7160 442 31107
442 7160 31107
6243 6512 30369
6512 6243 30369
6537 9879 5144
9879 6537 5144
366 9002 8368
9002 366 8368
8933 9563 14821
9563 8933 14821
8789 9204 29381
9204 8789 29381
1815 10150 19910
10150 1815 19910
8695 9701 1067
9701 8695 1067
5854 8597 14680
8597 5854 14680
4110 1303 30598
1303 4110 30598
101 1679 1541
1679 101 1541
3367 1428 8939
1428 3367 8939
6402 1968 4382
1968 6402 4382
7804 3523 27144
3523 7804 27144
1922 7774 13454
7774 1922 13454
9652 451 30535
451 9652 30535
2984 9622 17933
9622 2984 17933
1361 355 8760
355 1361 8760
4099 5173 19680
5173 4099 19680
8126 5343 172
5343 8126 172
2446 9961 21124
9961 2446 21124
538 8078 11578
8078 538 11578
3730 8987 19675
8987 3730 19675
2671 3318 2350
3318 2671 2350
8899 7331 24748
7331 8899 24748
4591 7990 30995
7990 4591 30995
6799 8372 12703
8372 6799 12703
5306 859 8782
859 5306 8782
6292 1843 12531
1843 6292 12531
6318 1281 21906
1281 6318 21906
2538 570 28326
570 2538 28326
8615 3987 25864
3987 8615 25864
4609 2959 26822
2959 4609 26822
7405 4443 30339
4443 7405 30339
1747 9987 17183
9987 1747 17183
394 5693 16672
5693 394 16672
2994 2527 17805
2527 2994 17805
7613 1270 25366
1270 7613 25366
5457 10156 2445
10156 5457 2445
6445 8702 26541
8702 6445 26541
4907 2511 28652
2511 4907 28652
126 2209 32396
2209 126 32396
5079 3359 23969
3359 5079 23969
6020 3645 7397
3645 6020 7397
5086 5671 27447
5671 5086 27447
3231 5124 5668
5124 3231 5668
3984 4499 13395
4499 3984 13395
7335 8050 32042
8050 7335 32042
7586 2040 23861
2040 7586 23861
10156 2689 8261
2689 10156 8261
3759 5695 16967
5695 3759 16967
8971 8177 341
8177 8971 341
6983 7780 10777
7780 6983 10777
871 9132 6380
9132 871 6380
6722 2912 19550
2912 6722 19550
5634 7997 20034
7997 5634 20034
3523 2374 8381
2374 3523 8381
5098 4455 10071
4455 5098 10071
1270 2602 16025
2602 1270 16025
3165 4870 7068
4870 3165 7068
4802 8081 13088
8081 4802 13088
9230 9576 30961
9576 9230 30961
4870 1671 9526
1671 4870 9526
7883 3715 15849
3715 7883 15849
971 730 30498
730 971 30498
5578 1083 32128
1083 5578 32128
7069 5087 25605
5087 7069 25605
5936 500 8151
500 5936 8151
2906 6928 27517
6928 2906 27517
9375 3172 28814
3172 9375 28814
5158 7422 18442
7422 5158 18442
1238 54 14024
54 1238 14024
9386 440 15623
440 9386 15623
1613 2132 23572
2132 1613 23572
3366 2280 20312
2280 3366 20312
8741 5645 16028
5645 8741 16028
8307 5417 2086
5417 8307 2086
6290 1605 109
1605 6290 109
2511 1729 17196
1729 2511 17196
492 6759 18622
6759 492 18622
5100 3339 21139
3339 5100 21139
6440 8251 19833
8251 6440 19833
730 3351 72
3351 730 72
9771 3956 27249
3956 9771 27249
2192 9094 14674
9094 2192 14674
5216 7388 22799
7388 5216 22799
7376 5136 2450
5136 7376 2450
8724 9009 5723
9009 8724 5723
4268 4183 3824
4183 4268 3824
8465 6770 32424
6770 8465 32424
7548 8502 16621
8502 7548 16621
2401 36 27986
36 2401 27986
7484 9586 26111
9586 7484 26111
1999 1975 5193
1975 1999 5193
2982 3945 25174
3945 2982 25174
5213 9156 4709
9156 5213 4709
2107 724 17359
724 2107 17359
2527 7336 24753
7336 2527 24753
5532 1182 7489
1182 5532 7489
10025 613 20013
613 10025 20013
4565 3106 30573
3106 4565 30573
