10518 9490 5599
5599 2884 8602
2884 5599 8602
5599 10007 4667
10007 5599 4667
2884 980 880
980 2884 880
2884 7407 27162
7407 2884 27162
7407 10187 25039
10187 7407 25039
7407 8110 1607
8110 7407 1607
2884 7350 8506
7350 2884 8506
7350 3095 2815
3095 7350 2815
10007 6242 15270
6242 10007 15270
3095 1404 24145
1404 3095 24145
7407 6782 5914
6782 7407 5914
10187 1233 31224
1233 10187 31224
3095 5966 30513
5966 3095 30513
5599 664 18654
664 5599 18654
5966 1015 382
1015 5966 382
980 9234 838
9234 980 838
9234 8715 20800
8715 9234 20800
8110 6338 2310
6338 8110 2310
5966 611 19499
611 5966 19499
3095 1941 6999
1941 3095 6999
1404 1029 3374
1029 1404 3374
1941 9642 8240
9642 1941 8240
9642 10251 7030
10251 9642 7030
9234 7277 22302
7277 9234 22302
664 6547 4910
6547 664 4910
10251 8276 11282
8276 10251 11282
7407 9498 12964
9498 7407 12964
7277 2656 11951
2656 7277 11951
8715 4858 14806
4858 8715 14806
3095 2285 13544
2285 3095 13544
5966 4722 925
4722 5966 925
9498 592 26141
592 9498 26141
6242 1414 1771
1414 6242 1771
7350 6741 26611
6741 7350 26611
1941 6785 21464
6785 1941 21464
4858 9165 14487
9165 4858 14487
6782 3271 29551
3271 6782 29551
8276 1254 31285
1254 8276 31285
10187 9780 8834
9780 10187 8834
664 2256 8641
2256 664 8641
2656 7599 32488
7599 2656 32488
3095 5922 12138
5922 3095 12138
9165 2605 15344
2605 9165 15344
1254 2274 24912
2274 1254 24912
2884 886 7666
886 2884 7666
9165 7508 16713
7508 9165 16713
7277 6136 9798
6136 7277 9798
7350 6554 5352
6554 7350 5352
6782 9821 20487
9821 6782 20487
611 7571 8956
7571 611 8956
10251 1932 21352
1932 10251 21352
9642 147 1081
147 9642 1081
7277 2335 26765
2335 7277 26765
7599 6981 23772
6981 7599 23772
3095 7771 17441
7771 3095 17441
664 9865 31576
9865 664 31576
1015 5059 22304
5059 1015 22304
664 6771 31857
6771 664 31857
8110 1306 2193
1306 8110 2193
2285 2972 20314
2972 2285 20314
9642 5468 31520
5468 9642 31520
9642 1173 21672
1173 9642 21672
7407 3777 18907
3777 7407 18907
6741 7747 26934
7747 6741 26934
6242 4988 20094
4988 6242 20094
1173 1123 2646
1123 1173 2646
1306 8882 18703
8882 1306 18703
2656 378 29404
378 2656 29404
1029 1285 29635
1285 1029 29635
7599 9070 10477
9070 7599 10477
8276 6039 32597
6039 8276 32597
611 4604 657
4604 611 657
8276 9533 29536
9533 8276 29536
10007 5221 15228
5221 10007 15228
6782 2824 19291
2824 6782 19291
1306 345 24717
345 1306 24717
7407 2 13372
2 7407 13372
7350 7624 9708
7624 7350 9708
2 2496 22528
2496 2 22528
6981 8034 17111
8034 6981 17111
345 1311 31611
1311 345 31611
2285 8560 14968
8560 2285 14968
5059 2424 10305
2424 5059 10305
1233 318 7007
318 1233 7007
4604 9646 32651
9646 4604 32651
8276 4972 18285
4972 8276 18285
10007 4923 29794
4923 10007 29794
4722 3402 21596
3402 4722 21596
1932 7079 23157
7079 1932 23157
7624 1451 6435
1451 7624 6435
980 1118 17504
1118 980 17504
1285 4487 5863
4487 1285 5863
7350 5189 26465
5189 7350 26465
8110 3271 11323
3271 8110 11323
2256 10390 29591
10390 2256 29591
8034 9382 30680
9382 8034 30680
7508 7726 22377
7726 7508 22377
7508 2193 3098
2193 7508 3098
9821 9380 2479
9380 9821 2479
1404 7536 9952
7536 1404 9952
2 9985 2466
9985 2 2466
2285 6481 6565
6481 2285 6565
7536 4641 5324
4641 7536 5324
886 5290 31720
5290 886 31720
7407 10336 29288
10336 7407 29288
378 10276 13886
10276 378 13886
9498 1598 28917
1598 9498 28917
2884 7579 32424
7579 2884 32424
2274 9590 7657
9590 2274 7657
7350 3926 3838
3926 7350 3838
6741 9017 10435
9017 6741 10435
6771 890 17546
890 6771 17546
2274 9661 6644
9661 2274 6644
7726 10200 1075
10200 7726 1075
10187 9640 23374
9640 10187 23374
147 6197 16576
6197 147 16576
6338 6603 21250
6603 6338 21250
9380 6508 26907
6508 9380 26907
6508 7472 21332
7472 6508 21332
1311 5906 25251
5906 1311 25251
2 2842 12420
2842 2 12420
6481 2033 6114
2033 6481 6114
2274 6311 15274
6311 2274 15274
8034 9327 7758
9327 8034 7758
9380 9418 31855
9418 9380 31855
2824 3258 5593
3258 2824 5593
4641 883 7400
883 4641 7400
3777 6069 15227
6069 3777 15227
6242 2357 25093
2357 6242 25093
2972 6146 17401
6146 2972 17401
4988 7114 4175
7114 4988 4175
3258 6777 1692
6777 3258 1692
6554 2627 4069
2627 6554 4069
980 884 22423
884 980 22423
1404 510 21502
510 1404 21502
9985 7569 16445
7569 9985 16445
2335 6344 18774
6344 2335 18774
7536 8516 5991
8516 7536 5991
1233 8829 11349
8829 1233 11349
7079 6793 26264
6793 7079 26264
611 193 29391
193 611 29391
4487 3894 6326
3894 4487 6326
4604 5138 16040
5138 4604 16040
6344 2692 13689
2692 6344 13689
7079 5584 26057
5584 7079 26057
3258 6417 30947
6417 3258 30947
1254 8034 20775
8034 1254 20775
980 5960 30804
5960 980 30804
9234 4214 6088
4214 9234 6088
9327 7313 20255
7313 9327 20255
2605 10020 7180
10020 2605 7180
2627 5872 2724
5872 2627 2724
5599 5299 24743
5299 5599 24743
9985 6419 21093
6419 9985 21093
3258 4112 6150
4112 3258 6150
6242 820 8838
820 6242 8838
4972 6427 27683
6427 4972 27683
6197 9680 28603
9680 6197 28603
9418 2313 30182
2313 9418 30182
2627 7698 16789
7698 2627 16789
8829 4326 8874
4326 8829 8874
2842 7877 19625
7877 2842 19625
6554 7354 11144
7354 6554 11144
5468 5603 26632
5603 5468 26632
5468 4513 5477
4513 5468 5477
6136 5456 29177
5456 6136 29177
2824 2891 16899
2891 2824 16899
2605 1767 26121
1767 2605 26121
8882 4876 14722
4876 8882 14722
4604 4671 6833
4671 4604 6833
6197 3227 20755
3227 6197 20755
7579 433 26454
433 7579 26454
10007 2486 32455
2486 10007 32455
7508 4194 25422
4194 7508 25422
5966 2425 21445
2425 5966 21445
6793 5132 5406
5132 6793 5406
2496 2331 3411
2331 2496 3411
4722 4804 21826
4804 4722 21826
6785 8318 16997
8318 6785 16997
4326 4185 27157
4185 4326 27157
9680 5665 14006
5665 9680 14006
9070 5246 2735
5246 9070 2735
9380 455 7588
455 9380 7588
8318 1114 5336
1114 8318 5336
5584 6834 26164
6834 5584 26164
9780 7565 26212
7565 9780 26212
2357 8005 22285
8005 2357 22285
7508 5390 1160
5390 7508 1160
820 123 7253
123 820 7253
10251 450 7191
450 10251 7191
2 8323 17065
8323 2 17065
6311 8799 31649
8799 6311 31649
4513 4869 16816
4869 4513 16816
2605 3405 1252
3405 2605 1252
6311 6432 32240
6432 6311 32240
8034 808 17690
808 8034 17690
4112 1563 23800
1563 4112 23800
4641 6383 31749
6383 4641 31749
318 4207 30707
4207 318 30707
4923 1277 26563
1277 4923 26563
5906 1989 30790
1989 5906 30790
6777 7027 16339
7027 6777 16339
6777 9585 1736
9585 6777 1736
1989 3705 29658
3705 1989 29658
9533 6555 16808
6555 9533 16808
9234 9700 4861
9700 9234 4861
3095 6940 13876
6940 3095 13876
1118 5578 18158
5578 1118 18158
6383 3104 13034
3104 6383 13034
10007 5988 6662
5988 10007 6662
7277 4176 15263
4176 7277 15263
2842 4043 25080
4043 2842 25080
2256 1866 19620
1866 2256 19620
10007 1518 12548
1518 10007 12548
7877 9306 15155
9306 7877 15155
6771 5640 11703
5640 6771 11703
10007 5962 12420
5962 10007 12420
4043 1980 13718
1980 4043 13718
2331 1500 19030
1500 2331 19030
5906 4771 18763
4771 5906 18763
6547 1962 9948
1962 6547 9948
6146 1333 294
1333 6146 294
2285 183 23370
183 2285 23370
5059 274 16149
274 5059 16149
9165 6208 23406
6208 9165 23406
5189 3629 3936
3629 5189 3936
1767 1045 32290
1045 1767 32290
4214 4370 15309
4370 4214 15309
6782 4643 23926
4643 6782 23926
1285 1290 3314
1290 1285 3314
6777 7560 8935
7560 6777 8935
4604 8989 9188
8989 4604 9188
1414 4724 12025
4724 1414 12025
4207 7195 19077
7195 4207 19077
890 471 18698
471 890 18698
6981 2496 8987
2496 6981 8987
7624 8817 28492
8817 7624 28492
9646 3959 20475
3959 9646 20475
10200 4282 18445
4282 10200 18445
3959 7074 4708
7074 3959 4708
5962 10360 27878
10360 5962 27878
4641 5654 3049
5654 4641 3049
9234 8265 7533
8265 9234 7533
5665 425 20472
425 5665 20472
1118 5025 10858
5025 1118 10858
1233 4330 23382
4330 1233 23382
4487 9015 27602
9015 4487 27602
2656 6366 26040
6366 2656 26040
1980 6520 8943
6520 1980 8943
3104 2267 26037
2267 3104 26037
10200 27 6009
27 10200 6009
6940 7613 6600
7613 6940 6600
4194 3843 22930
3843 4194 22930
7565 584 2337
584 7565 2337
1285 3821 11232
3821 1285 11232
4972 9041 17769
9041 4972 17769
9070 516 62
516 9070 62
4194 751 21207
751 4194 21207
1989 2419 30387
2419 1989 30387
378 3399 3607
3399 378 3607
9985 9915 16825
9915 9985 16825
123 2885 16376
2885 123 16376
1500 8532 1014
8532 1500 1014
274 8791 23779
8791 274 23779
6555 7645 31474
7645 6555 31474
5960 6001 17023
6001 5960 17023
3821 5050 26484
5050 3821 26484
1414 4753 12306
4753 1414 12306
5665 9596 28553
9596 5665 28553
7536 7849 18047
7849 7536 18047
7074 3674 32615
3674 7074 32615
3843 9037 8949
9037 3843 8949
9382 3558 17823
3558 9382 17823
664 9915 13218
9915 664 13218
6771 6913 7271
6913 6771 7271
4112 10285 18442
10285 4112 18442
3959 4562 21727
4562 3959 21727
2627 1771 9950
1771 2627 9950
8799 1716 15000
1716 8799 15000
183 8830 12628
8830 183 12628
7613 7958 5325
7958 7613 5325
4214 9208 24696
9208 4214 24696
6940 1987 14350
1987 6940 14350
4176 9431 17143
9431 4176 17143
6913 3997 13901
3997 6913 13901
6383 328 8766
328 6383 8766
2884 7308 13443
7308 2884 13443
6793 5801 11287
5801 6793 11287
7308 9558 13430
9558 7308 13430
3271 3064 31232
3064 3271 31232
7624 3534 1597
3534 7624 1597
8323 190 8689
190 8323 8689
7565 8141 26775
8141 7565 26775
8830 7406 13391
7406 8830 13391
3674 6508 28729
6508 3674 28729
4214 4407 14649
4407 4214 14649
6427 5784 28042
5784 6427 28042
6383 6610 29561
6610 6383 29561
2193 1480 1435
1480 2193 1435
5132 5290 31158
5290 5132 31158
7308 5033 24120
5033 7308 24120
6834 4739 9923
4739 6834 9923
4513 6822 26202
6822 4513 26202
3674 7253 2076
7253 3674 2076
4330 8340 15213
8340 4330 15213
1414 120 24041
120 1414 24041
8141 10274 16678
10274 8141 16678
3095 7098 553
7098 3095 553
10020 1890 1245
1890 10020 1245
7565 5101 13522
5101 7565 13522
120 8724 18077
8724 120 18077
5960 1996 26882
1996 5960 26882
4753 10195 20853
10195 4753 20853
8829 32 21399
32 8829 21399
9590 8578 31150
8578 9590 31150
10251 7975 13775
7975 10251 13775
5101 6990 29414
6990 5101 29414
6741 3610 16055
3610 6741 16055
2627 9394 2380
9394 2627 2380
1311 10214 29844
10214 1311 29844
7560 5407 28783
5407 7560 28783
5665 166 29587
166 5665 29587
8323 8257 8023
8257 8323 8023
1890 6149 338
6149 1890 338
2357 4511 25834
4511 2357 25834
6344 3918 3375
3918 6344 3375
6366 9536 20679
9536 6366 20679
5599 6452 17246
6452 5599 17246
8829 5160 3097
5160 8829 3097
5584 4817 27947
4817 5584 27947
4326 2263 6937
2263 4326 6937
9865 3584 768
3584 9865 768
9915 5691 2865
5691 9915 2865
6197 10475 9470
10475 6197 9470
1987 6286 6910
6286 1987 6910
4858 3187 13647
3187 4858 13647
2335 2675 16551
2675 2335 16551
1962 814 7029
814 1962 7029
9915 6621 26689
6621 9915 26689
7569 9864 23115
9864 7569 23115
4112 8400 10042
8400 4112 10042
2313 2231 10860
2231 2313 10860
3405 2567 17145
2567 3405 17145
9585 6396 18747
6396 9585 18747
3997 1884 6208
1884 3997 6208
2496 6899 12491
6899 2496 12491
1996 324 32240
324 1996 32240
592 3236 1864
3236 592 1864
7277 8349 31029
8349 7277 31029
7472 8737 21698
8737 7472 21698
9070 1309 21074
1309 9070 21074
3271 5548 1114
5548 3271 1114
1941 9549 8320
9549 1941 8320
32 7052 29256
7052 32 29256
32 2212 2201
2212 32 2201
7079 4583 23091
4583 7079 23091
7571 28 32136
28 7571 32136
2884 4664 29136
4664 2884 29136
9821 1552 8888
1552 9821 8888
9234 6536 27081
6536 9234 27081
2267 526 20471
526 2267 20471
5033 10487 845
10487 5033 845
6610 9752 29573
9752 6610 29573
10214 137 29415
137 10214 29415
2884 6218 31308
6218 2884 31308
584 4611 31081
4611 584 31081
4876 6931 20332
6931 4876 20332
183 3980 518
3980 183 518
6039 9498 15270
9498 6039 15270
5784 1260 16640
1260 5784 16640
7350 1179 16977
1179 7350 16977
584 7053 20584
7053 584 20584
1414 1763 23759
1763 1414 23759
2842 604 12515
604 2842 12515
9865 843 30405
843 9865 30405
8034 97 29302
97 8034 29302
4739 6129 7303
6129 4739 7303
345 3222 11722
3222 345 11722
8799 3832 14956
3832 8799 14956
5654 4319 28764
4319 5654 28764
6149 1843 26386
1843 6149 26386
378 6847 24217
6847 378 24217
3705 337 19374
337 3705 19374
9752 4207 9441
4207 9752 9441
4771 657 9475
657 4771 9475
6417 8288 27863
8288 6417 27863
2627 7798 23708
7798 2627 23708
7536 10163 32395
10163 7536 32395
2675 817 11594
817 2675 11594
7958 6624 3434
6624 7958 3434
137 6709 30500
6709 137 30500
4282 6804 32499
6804 4282 32499
9585 8140 9851
8140 9585 9851
9498 6293 19863
6293 9498 19863
1254 10485 11896
10485 1254 11896
8276 3351 5220
3351 8276 5220
9017 7597 25441
7597 9017 25441
7027 386 24634
386 7027 24634
1771 8121 18875
8121 1771 18875
8349 2624 10682
2624 8349 10682
4858 8927 1730
8927 4858 1730
190 1150 26433
1150 190 26433
7624 7632 21485
7632 7624 21485
345 7981 2169
7981 345 2169
4988 3609 31348
3609 4988 31348
3674 5349 30062
5349 3674 30062
5966 1489 15640
1489 5966 15640
3271 4463 26924
4463 3271 26924
2692 789 1439
789 2692 1439
5050 5611 17485
5611 5050 17485
4641 6429 30907
6429 4641 30907
3558 2742 19968
2742 3558 19968
8140 6184 3668
6184 8140 3668
2824 4159 23154
4159 2824 23154
1290 8957 17782
8957 1290 17782
3980 10115 929
10115 3980 929
6344 1152 21070
1152 6344 21070
8830 8174 7672
8174 8830 7672
611 2069 2551
2069 611 2551
6741 4599 25683
4599 6741 25683
4817 2747 8967
2747 4817 8967
6311 8916 3893
8916 6311 3893
3236 1587 29476
1587 3236 29476
7114 3344 14675
3344 7114 14675
9418 8319 28926
8319 9418 28926
5654 8801 10178
8801 5654 10178
7877 1883 16265
1883 7877 16265
190 6472 22127
6472 190 22127
6990 1769 12871
1769 6990 12871
2605 5091 6570
5091 2605 6570
3271 8576 25603
8576 3271 25603
10390 8309 19427
8309 10390 19427
3402 156 28755
156 3402 28755
1233 8177 27376
8177 1233 27376
337 4024 30125
4024 337 30125
4407 738 19062
738 4407 19062
9915 3065 2304
3065 9915 2304
5691 269 10567
269 5691 10567
886 4228 1290
4228 886 1290
7877 3251 5589
3251 7877 5589
8829 3833 28387
3833 8829 28387
4739 5909 12812
5909 4739 12812
2313 5115 22132
5115 2313 22132
9533 9659 8495
9659 9533 8495
4988 10009 29908
10009 4988 29908
843 9029 19079
9029 843 19079
147 7970 9156
7970 147 9156
7536 6170 12817
6170 7536 12817
584 1160 28859
1160 584 28859
10020 7278 1123
7278 10020 1123
3104 1279 21314
1279 3104 21314
4330 7039 9602
7039 4330 9602
6344 3574 16793
3574 6344 16793
9306 4705 10858
4705 9306 10858
5025 6622 20431
6622 5025 20431
1333 8439 13154
8439 1333 13154
3227 7738 1241
7738 3227 1241
274 9810 12676
9810 274 12676
2842 5200 28240
5200 2842 28240
1045 128 19455
128 1045 19455
3997 1170 1751
1170 3997 1751
6472 9540 27121
9540 6472 27121
5962 302 3165
302 5962 3165
5290 6772 27640
6772 5290 27640
1989 5098 15025
5098 1989 15025
1563 7698 27845
7698 1563 27845
9533 9626 21545
9626 9533 21545
6508 330 598
330 6508 598
2331 8535 17740
8535 2331 17740
2285 6497 421
6497 2285 421
7536 2068 20916
2068 7536 20916
5578 6930 17640
6930 5578 17640
2263 4573 26538
4573 2263 26538
3222 6391 30912
6391 3222 30912
6419 2108 17711
2108 6419 17711
814 6905 3807
6905 814 3807
7053 1411 21610
1411 7053 21610
6931 397 13583
397 6931 13583
6338 5444 24239
5444 6338 24239
5407 772 9641
772 5407 9641
2675 576 15520
576 2675 15520
8532 6085 25296
6085 8532 25296
8340 1015 20246
1015 8340 20246
6481 2456 17
2456 6481 17
166 104 8150
104 166 8150
5599 10327 5695
10327 5599 5695
3095 1553 23101
1553 3095 23101
4664 401 27543
401 4664 27543
6930 9899 11106
9899 6930 11106
4739 9122 20118
9122 4739 20118
1309 1194 22117
1194 1309 22117
4228 7525 11277
7525 4228 11277
3833 7982 13545
7982 3833 13545
1411 4257 6472
4257 1411 6472
4599 7428 17631
7428 4599 17631
6427 8034 29042
8034 6427 29042
6822 2846 7219
2846 6822 7219
6146 2374 20857
2374 6146 20857
5909 5644 28666
5644 5909 28666
9533 6199 16402
6199 9533 16402
2267 10084 8241
10084 2267 8241
886 7660 14272
7660 886 14272
9899 9623 14893
9623 9899 14893
6069 88 9950
88 6069 9950
6520 2093 29515
2093 6520 29515
1932 6815 24095
6815 1932 24095
9899 1210 2693
1210 9899 2693
7354 10107 24584
10107 7354 24584
6905 1516 6894
1516 6905 6894
8829 8690 9282
8690 8829 9282
526 7589 592
7589 526 592
3843 7994 14306
7994 3843 14306
2972 9068 26197
9068 2972 26197
8989 2559 16375
2559 8989 16375
2313 7747 26634
7747 2313 26634
10285 9615 22008
9615 10285 22008
1290 7210 2199
7210 1290 2199
27 4609 3565
4609 27 3565
8318 9977 29575
9977 8318 29575
2274 2866 17515
2866 2274 17515
8516 7041 8689
7041 8516 8689
5407 7667 9905
7667 5407 9905
6782 7402 26465
7402 6782 26465
2866 2732 20880
2732 2866 20880
7698 382 17493
382 7698 17493
10327 9009 29669
9009 10327 29669
814 7728 9124
7728 814 9124
6293 10401 10184
10401 6293 10184
10390 2089 16178
2089 10390 16178
3629 7726 16834
7726 3629 16834
324 7632 7607
7632 324 7607
8916 1417 14242
1417 8916 14242
8690 4105 16005
4105 8690 16005
1767 9341 2256
9341 1767 2256
3610 4453 27021
4453 3610 27021
6293 6975 20526
6975 6293 20526
120 4036 2335
4036 120 2335
10163 6850 27619
6850 10163 27619
7053 7799 16397
7799 7053 16397
1029 723 419
723 1029 419
147 7445 27192
7445 147 27192
9549 7817 9816
7817 9549 9816
5138 7025 11966
7025 5138 11966
3558 7942 9780
7942 3558 9780
2263 4005 4660
4005 2263 4660
8927 5097 26256
5097 8927 26256
8121 399 23734
399 8121 23734
4562 3808 11566
3808 4562 11566
9536 2811 31412
2811 9536 31412
3187 1284 20653
1284 3187 20653
1480 7919 4292
7919 1480 4292
10390 7926 1110
7926 10390 1110
4599 1173 6624
1173 4599 6624
7747 1426 9611
1426 7747 9611
324 6530 25819
6530 324 25819
6624 1697 15233
1697 6624 15233
2884 2524 28915
2524 2884 28915
1254 3626 18946
3626 1254 18946
8141 7454 21185
7454 8141 21185
7799 4906 15987
4906 7799 15987
2866 3892 16902
3892 2866 16902
4463 2775 10841
2775 4463 10841
4036 9260 1529
9260 4036 1529
1884 421 16636
421 1884 16636
5906 206 31009
206 5906 31009
7354 653 13837
653 7354 13837
2335 3117 7917
3117 2335 7917
9642 4924 14673
4924 9642 14673
10107 7993 5246
7993 10107 5246
1254 2436 28610
2436 1254 28610
980 10227 21343
10227 980 21343
6905 8160 1192
8160 6905 1192
10020 7276 6176
7276 10020 6176
7613 2138 19849
2138 7613 19849
7074 2603 6161
2603 7074 6161
425 5006 4630
5006 425 4630
7589 6508 22676
6508 7589 22676
8318 9060 25940
9060 8318 25940
6899 5188 16306
5188 6899 16306
6555 8276 12204
8276 6555 12204
4573 9592 10501
9592 4573 10501
4487 9343 8629
9343 4487 8629
1254 1096 15116
1096 1254 15116
6508 9711 21967
9711 6508 21967
3227 8933 14469
8933 3227 14469
1763 9762 31454
9762 1763 31454
4228 666 26219
666 4228 26219
2866 9663 3287
9663 2866 3287
9661 1608 10906
1608 9661 10906
9327 413 28629
413 9327 28629
4972 9789 4176
9789 4972 4176
9865 1205 18667
1205 9865 18667
2624 4933 14087
4933 2624 14087
7698 8528 15351
8528 7698 15351
9592 115 9558
115 9592 9558
7536 9365 22555
9365 7536 22555
5299 6236 23772
6236 5299 23772
6785 8040 1199
8040 6785 1199
1697 1711 11620
1711 1697 11620
5050 7284 16062
7284 5050 16062
3187 1507 29888
1507 3187 29888
2069 9248 31606
9248 2069 31606
6383 7732 1556
7732 6383 1556
3095 5404 7694
5404 3095 7694
4869 8372 11901
8372 4869 11901
7445 7455 12301
7455 7445 12301
4611 623 1634
623 4611 1634
7994 1162 257
1162 7994 257
5654 5399 17868
5399 5654 17868
8830 6080 3833
6080 8830 3833
6208 1772 30615
1772 6208 30615
5640 1571 11113
1571 5640 11113
4988 5193 31329
5193 4988 31329
7579 7147 18495
7147 7579 18495
3271 2677 3960
2677 3271 3960
3402 10452 18254
10452 3402 18254
6452 8590 5946
8590 6452 5946
4257 3803 6753
3803 4257 6753
1763 9657 22442
9657 1763 22442
6286 2557 3211
2557 6286 3211
3236 476 5411
476 3236 5411
9659 61 15768
61 9659 15768
5188 5538 11880
5538 5188 11880
8830 5326 16039
5326 8830 16039
9623 3572 9357
3572 9623 9357
738 2616 27474
2616 738 27474
9977 492 19560
492 9977 19560
4988 1449 7413
1449 4988 7413
8140 9273 10896
9273 8140 10896
2524 6277 15854
6277 2524 15854
5025 9435 31754
9435 5025 31754
2033 5171 8430
5171 2033 8430
190 1712 32061
1712 190 32061
10401 800 25782
800 10401 25782
6417 3556 28098
3556 6417 28098
1563 447 9933
447 1563 9933
751 9050 27432
9050 751 27432
7589 849 26652
849 7589 26652
6085 7951 21959
7951 6085 21959
10485 6490 23660
6490 10485 23660
9068 7362 23093
7362 9068 23093
2605 9953 31288
9953 2605 31288
399 919 16124
919 399 16124
7726 5341 4702
5341 7726 4702
10360 1504 2466
1504 10360 2466
1333 7959 3970
7959 1333 3970
9780 1719 16158
1719 9780 16158
476 8753 19276
8753 476 19276
5341 2343 17237
2343 5341 17237
5599 8395 15307
8395 5599 15307
3821 7199 30767
7199 3821 30767
1719 9917 9620
9917 1719 9620
6822 7087 2150
7087 6822 2150
4972 9843 3969
9843 4972 3969
5290 2259 4898
2259 5290 4898
1285 6723 31519
6723 1285 31519
3251 10370 1263
10370 3251 1263
890 1014 28963
1014 890 28963
3959 1925 8135
1925 3959 8135
1160 5911 21379
5911 1160 21379
27 6372 22291
6372 27 22291
269 6259 12034
6259 269 12034
6981 4508 1528
4508 6981 1528
8318 4678 1113
4678 8318 1113
2603 6392 30028
6392 2603 30028
1941 679 17721
679 1941 17721
9341 97 29700
97 9341 29700
7624 3519 7135
3519 7624 7135
3064 4662 16377
4662 3064 16377
318 7250 5102
7250 318 5102
9985 2492 30298
2492 9985 30298
2425 2764 29136
2764 2425 29136
2692 942 2599
942 2692 2599
3104 401 458
401 3104 458
382 7696 9338
7696 382 9338
3405 186 31362
186 3405 31362
8395 7443 9630
7443 8395 9630
1989 8572 18101
8572 1989 18101
9953 6457 3865
6457 9953 3865
7994 8894 14401
8894 7994 14401
7313 4592 15918
4592 7313 15918
3258 5011 23254
5011 3258 23254
7993 8208 23442
8208 7993 23442
5640 9719 26347
9719 5640 26347
7041 1753 4155
1753 7041 4155
666 5596 17866
5596 666 17866
800 4434 14485
4434 800 14485
5193 1740 15821
1740 5193 15821
7354 1158 18055
1158 7354 18055
1571 9090 18979
9090 1571 18979
5872 1170 6153
1170 5872 6153
8439 9731 25532
9731 8439 25532
2846 5368 2878
5368 2846 2878
7079 1193 10531
1193 7079 10531
1123 1720 23108
1720 1123 23108
61 7057 29046
7057 61 29046
5468 851 6214
851 5468 6214
1170 10136 31417
10136 1170 31417
604 7399 22127
7399 604 22127
2692 1196 7737
1196 2692 7737
6277 4981 21192
4981 6277 21192
3222 1133 21948
1133 3222 21948
450 4791 27699
4791 450 27699
10007 10202 29348
10202 10007 29348
2496 5490 15865
5490 2496 15865
1941 8436 17510
8436 1941 17510
4876 5692 2728
5692 4876 2728
1285 2926 7630
2926 1285 7630
10227 3064 20782
3064 10227 20782
3222 1038 16658
1038 3222 16658
7613 9110 22654
9110 7613 22654
6520 9098 18597
9098 6520 18597
8690 5527 32031
5527 8690 32031
1712 4160 14137
4160 1712 14137
10485 1271 26988
1271 10485 26988
4330 781 904
781 4330 904
7994 2675 27770
2675 7994 27770
9558 4935 17578
4935 9558 17578
8799 4172 11481
4172 8799 11481
516 4129 10790
4129 516 10790
2331 3612 19371
3612 2331 19371
6771 569 14089
569 6771 14089
5132 4653 456
4653 5132 456
10084 10213 22936
10213 10084 22936
8724 609 9193
609 8724 9193
9865 8674 393
8674 9865 393
2231 5912 7177
5912 2231 7177
8034 9932 21693
9932 8034 21693
7560 1199 5507
1199 7560 5507
5221 5654 9965
5654 5221 9965
8690 679 9885
679 8690 9885
9435 5756 29398
5756 9435 29398
1254 3865 32108
3865 1254 32108
9498 2396 21436
2396 9498 21436
345 10074 20329
10074 345 20329
8160 3322 29793
3322 8160 29793
2972 5631 20997
5631 2972 20997
10370 661 9411
661 10370 9411
4508 5563 10270
5563 4508 10270
7798 4299 23098
4299 7798 23098
4112 5099 17194
5099 4112 17194
6184 8670 21968
8670 6184 21968
1500 38 2151
38 1500 2151
7919 7605 6894
7605 7919 6894
9435 5111 27007
5111 9435 27007
10370 3320 21676
3320 10370 21676
5006 5679 23892
5679 5006 23892
5911 5199 21090
5199 5911 21090
1719 404 4346
404 1719 4346
6069 7791 29785
7791 6069 29785
8257 1027 4614
1027 8257 4614
10214 1765 18341
1765 10214 18341
9780 6233 27316
6233 9780 27316
2456 6128 15500
6128 2456 15500
8927 557 32156
557 8927 32156
9540 8117 25873
8117 9540 25873
147 868 12780
868 147 12780
4105 10001 4461
10001 4105 4461
5692 5910 604
5910 5692 604
9558 7299 32423
7299 9558 32423
9865 5410 4187
5410 9865 4187
5490 6916 12173
6916 5490 12173
6822 3660 18981
3660 6822 18981
7354 7037 684
7037 7354 684
2343 9597 19903
9597 2343 19903
2285 3949 14375
3949 2285 14375
5098 10491 19476
10491 5098 19476
1489 5604 28799
5604 1489 28799
817 616 5793
616 817 5793
510 1841 18843
1841 510 18843
5138 4575 1908
4575 5138 1908
7981 923 12733
923 7981 12733
6080 5058 26217
5058 6080 26217
9789 7970 24615
7970 9789 24615
1173 511 8171
511 1173 8171
3519 3473 12695
3473 3519 12695
6136 6201 24741
6201 6136 24741
5101 10394 31463
10394 5101 31463
7098 3876 18146
3876 7098 18146
8208 2804 20082
2804 8208 20082
3271 1131 9621
1131 3271 9621
3519 50 16655
50 3519 16655
611 1999 7733
1999 611 7733
2656 9232 447
9232 2656 447
7726 4864 28153
4864 7726 28153
3271 7406 9062
7406 3271 9062
1711 2112 27
2112 1711 27
1763 4010 23069
4010 1763 23069
1254 1428 31262
1428 1254 31262
1285 7219 13829
7219 1285 13829
609 7286 22615
7286 609 22615
6834 9348 9132
9348 6834 9132
1196 7068 8230
7068 1196 8230
8817 10051 15953
10051 8817 15953
9899 7666 31391
7666 9899 31391
808 7634 23219
7634 808 23219
32 5238 1431
5238 32 1431
7308 834 12598
834 7308 12598
9985 5641 8780
5641 9985 8780
8801 2919 17525
2919 8801 17525
5326 7559 20518
7559 5326 20518
6497 8743 7589
8743 6497 7589
9663 363 1859
363 9663 1859
2732 9049 19023
9049 2732 19023
1962 8873 22981
8873 1962 22981
1133 1042 16207
1042 1133 16207
7597 4049 13347
4049 7597 13347
3959 6290 29462
6290 3959 29462
7696 7268 13290
7268 7696 13290
8532 9738 13730
9738 8532 13730
8690 10222 2479
10222 8690 2479
8323 8434 5807
8434 8323 5807
2 6860 1569
6860 2 1569
2285 9377 6916
9377 2285 6916
6419 9801 7037
9801 6419 7037
27 7149 10223
7149 27 10223
5456 7549 5076
7549 5456 5076
1765 922 30798
922 1765 30798
6804 660 20959
660 6804 20959
2212 10002 12468
10002 2212 12468
4105 8355 30040
8355 4105 30040
7970 59 20619
59 7970 20619
5404 5667 32017
5667 5404 32017
2456 391 23619
391 2456 23619
5631 1437 20540
1437 5631 20540
7199 7460 16625
7460 7199 16625
3322 9239 17828
9239 3322 17828
1428 9949 11236
9949 1428 11236
8516 6 6861
6 8516 6861
2374 3177 28959
3177 2374 28959
2138 4996 9770
4996 2138 9770
2732 9061 12732
9061 2732 12732
5115 756 14060
756 5115 14060
9789 1457 20376
1457 9789 20376
3808 231 23074
231 3808 23074
8177 3877 28138
3877 8177 28138
7994 6564 28692
6564 7994 28692
4996 1425 22144
1425 4996 22144
4159 4741 28197
4741 4159 28197
9029 10287 10724
10287 9029 10724
9657 8463 10406
8463 9657 10406
9985 4226 21653
4226 9985 21653
2675 10321 23890
10321 2675 23890
447 2755 28178
2755 447 28178
5368 41 17015
41 5368 17015
660 6109 30320
6109 660 30320
9932 5469 26614
5469 9932 26614
4609 419 28075
419 4609 28075
7147 8641 3739
8641 7147 3739
4858 6570 3068
6570 4858 3068
9098 3286 3967
3286 9098 3967
6290 6458 1231
6458 6290 1231
6899 4924 20595
4924 6899 20595
4511 10212 17973
10212 4511 17973
1199 483 25507
483 1199 25507
9394 4398 9445
4398 9394 9445
115 5289 8180
5289 115 8180
851 4401 26917
4401 851 26917
2524 4076 3275
4076 2524 3275
425 8107 19255
8107 425 19255
2033 5812 14137
5812 2033 14137
2926 5847 11804
5847 2926 11804
8318 796 16325
796 8318 16325
59 2646 24011
2646 59 24011
2842 7562 30539
7562 2842 30539
3843 4484 21038
4484 3843 21038
4105 8615 1705
8615 4105 1705
7560 4921 2691
4921 7560 2691
6785 2572 12335
2572 6785 12335
6508 7406 3314
7406 6508 3314
1309 482 2827
482 1309 2827
7098 1210 1144
1210 7098 1144
6931 1102 30769
1102 6931 30769
156 8376 27512
8376 156 27512
2603 1871 19811
1871 2603 19811
6570 1439 15250
1439 6570 15250
425 4652 7791
4652 425 7791
6419 6003 19339
6003 6419 19339
7942 6607 30137
6607 7942 30137
817 3260 27243
3260 817 27243
6003 4173 1191
4173 6003 1191
450 7745 29480
7745 450 29480
9498 6921 10644
6921 9498 10644
1598 7538 5733
7538 1598 5733
4906 8654 27717
8654 4906 27717
6481 8914 61
8914 6481 61
5160 3465 4899
3465 5160 4899
9596 6515 24074
6515 9596 24074
9657 665 679
665 9657 679
2396 2401 11429
2401 2396 11429
2755 3613 1452
3613 2755 1452
7632 6561 12707
6561 7632 12707
8829 41 14515
41 8829 14515
923 2205 8803
2205 923 8803
6419 4459 27445
4459 6419 27445
2919 730 21019
730 2919 21019
7565 3208 12699
3208 7565 12699
808 5829 23582
5829 808 23582
8376 8067 26481
8067 8376 26481
1309 10465 12821
10465 1309 12821
6610 8888 21742
8888 6610 21742
4319 8885 19933
8885 4319 19933
6782 254 23533
254 6782 23533
2567 9319 5450
9319 2567 5450
2842 3667 20450
3667 2842 20450
849 206 20995
206 849 20995
8117 10044 14714
10044 8117 14714
6520 146 2600
146 6520 2600
1015 1647 4576
1647 1015 4576
183 7132 5773
7132 183 5773
1571 7928 19165
7928 1571 19165
4906 2802 6568
2802 4906 6568
8174 1165 4176
1165 8174 4176
3344 10005 1674
10005 3344 1674
1194 3203 25781
3203 1194 25781
9122 8601 18800
8601 9122 18800
6427 1327 23974
1327 6427 23974
576 5946 27610
5946 576 27610
653 7901 9899
7901 653 9899
3843 1207 19497
1207 3843 19497
8349 4058 24493
4058 8349 24493
7624 9777 17706
9777 7624 17706
781 10348 14816
10348 781 14816
10020 267 31777
267 10020 31777
3286 4843 12562
4843 3286 12562
5654 4338 3118
4338 5654 3118
9977 6936 14483
6936 9977 14483
9060 2585 31779
2585 9060 31779
8265 5466 31283
5466 8265 31283
9122 2711 26656
2711 9122 26656
4876 4968 11025
4968 4876 11025
5101 10517 6805
10517 5101 6805
1118 8639 19753
8639 1118 19753
4592 328 2169
328 4592 2169
7536 7539 17890
7539 7536 17890
2093 2587 21204
2587 2093 21204
657 5983 20754
5983 657 20754
6383 2151 9199
2151 6383 9199
4159 2934 21808
2934 4159 21808
2646 4864 2252
4864 2646 2252
923 2996 18595
2996 923 18595
584 399 22446
399 584 22446
2496 3500 378
3500 2496 378
9394 3580 23258
3580 9394 23258
6936 4678 16366
4678 6936 16366
7079 3447 25306
3447 7079 25306
664 2740 22906
2740 664 22906
9015 3603 9701
3603 9015 9701
1425 1399 28016
1399 1425 28016
7942 2709 31299
2709 7942 31299
7624 7645 19795
7645 7624 19795
1518 8434 6074
8434 1518 6074
1160 10177 4702
10177 1160 4702
50 5630 12394
5630 50 12394
2559 7322 1790
7322 2559 1790
2069 9887 27560
9887 2069 27560
2259 7845 26159
7845 2259 26159
9680 5432 11700
5432 9680 11700
609 1770 19446
1770 609 19446
4653 6279 11612
6279 4653 11612
3500 6685 22892
6685 3500 22892
8395 3995 13548
3995 8395 13548
5596 8496 21537
8496 5596 21537
5404 4195 7678
4195 5404 7678
206 591 15287
591 206 15287
2972 1802 12287
1802 2972 12287
120 2925 16898
2925 120 16898
401 374 6027
374 401 6027
3286 6431 4378
6431 3286 4378
482 9447 16626
9447 482 16626
6427 8872 10268
8872 6427 10268
9663 2783 2677
2783 9663 2677
3572 2322 8849
2322 3572 8849
1260 2309 4902
2309 1260 4902
4453 498 18345
498 4453 18345
5527 5287 29048
5287 5527 29048
4609 416 5593
416 4609 5593
6372 1543 26832
1543 6372 26832
1045 1543 29819
1543 1045 29819
6508 471 22462
471 6508 22462
3286 8983 6265
8983 3286 6265
789 2738 8370
2738 789 8370
4652 1572 18993
1572 4652 18993
2842 1246 19766
1246 2842 19766
4484 9344 27153
9344 4484 27153
2343 6191 12318
6191 2343 12318
8117 195 7838
195 8117 7838
8349 7748 25905
7748 8349 25905
6191 9882 20962
9882 6191 20962
3227 2022 19757
2022 3227 19757
6290 4109 23926
4109 6290 23926
6472 5042 6974
5042 6472 6974
2711 3322 19358
3322 2711 19358
666 3083 17723
3083 666 17723
666 8369 14650
8369 666 14650
7698 5805 14918
5805 7698 14918
183 9667 30577
9667 183 30577
32 3955 15269
3955 32 15269
5025 7213 23909
7213 5025 23909
3609 5470 8682
5470 3609 8682
9165 3861 6480
3861 9165 6480
1205 6727 19654
6727 1205 19654
4724 2751 3543
2751 4724 3543
10370 1939 1563
1939 10370 1563
511 7674 13184
7674 511 13184
3236 1161 20782
1161 3236 20782
808 9098 24449
9098 808 24449
4463 3991 1275
3991 4463 1275
7213 1254 2152
1254 7213 2152
1543 2302 15652
2302 1543 15652
447 5292 30289
5292 447 30289
661 3297 12019
3297 661 12019
4159 184 3995
184 4159 3995
5099 6044 22622
6044 5099 22622
2396 8948 29791
8948 2396 29791
1038 4079 23829
4079 1038 23829
8434 7723 10784
7723 8434 10784
3959 7779 18943
7779 3959 18943
2732 7935 1625
7935 2732 1625
8257 6039 29107
6039 8257 29107
2486 7606 8707
7606 2486 8707
7970 4513 13521
4513 7970 13521
8340 2565 14636
2565 8340 14636
1284 7081 24384
7081 1284 24384
4573 9697 16673
9697 4573 16673
8110 3806 24515
3806 8110 24515
6793 7620 1267
7620 6793 1267
7981 5996 4453
5996 7981 4453
1765 4013 2864
4013 1765 2864
8395 784 9892
784 8395 9892
6039 4153 14628
4153 6039 14628
5906 6515 5223
6515 5906 5223
482 5682 26380
5682 482 26380
1417 784 12065
784 1417 12065
3572 6760 13816
6760 3572 13816
2419 874 5816
874 2419 5816
2496 3093 17225
3093 2496 17225
9865 7214 7676
7214 9865 7676
1712 10508 7962
10508 1712 7962
2374 2647 8410
2647 2374 8410
664 3135 500
3135 664 500
88 3647 18574
3647 88 18574
8323 2639 29587
2639 8323 29587
5042 3448 8060
3448 5042 8060
9821 8819 14252
8819 9821 14252
9380 3041 7807
3041 9380 7807
9061 1467 14069
1467 9061 14069
104 1335 7118
1335 104 7118
9344 8305 2529
8305 9344 2529
10348 1771 18371
1771 10348 18371
7402 2145 6086
2145 7402 6086
8674 2602 15911
2602 8674 15911
660 361 14442
361 660 14442
3629 6836 13016
6836 3629 13016
7926 4928 16174
4928 7926 16174
7645 7672 30426
7672 7645 30426
2559 10259 7757
10259 2559 7757
8948 8694 3901
8694 8948 3901
5132 1556 13796
1556 5132 13796
7406 8173 26965
8173 7406 26965
3271 7061 13769
7061 3271 13769
8376 156 28725
156 8376 28725
4739 9615 2646
9615 4739 2646
2764 9561 30074
9561 2764 30074
6930 1161 27560
1161 6930 27560
7199 3986 5053
3986 7199 5053
7445 167 9239
167 7445 9239
1712 368 31553
368 1712 31553
4105 8081 19907
8081 4105 19907
1598 8592 2506
8592 1598 2506
980 5117 28812
5117 980 28812
2259 8673 13454
8673 2259 13454
6530 9351 24789
9351 6530 24789
1719 983 14278
983 1719 14278
9865 6066 21721
6066 9865 21721
6723 7066 16720
7066 6723 16720
8276 5858 10628
5858 8276 10628
8894 9742 29773
9742 8894 29773
10475 3982 4361
3982 10475 4361
1327 8980 16858
8980 1327 16858
8208 2815 13485
2815 8208 13485
4487 2919 14116
2919 4487 14116
10274 4955 125
4955 10274 125
4160 9246 7045
9246 4160 7045
9344 5558 10991
5558 9344 10991
1518 5060 6522
5060 1518 6522
5033 7825 25495
7825 5033 25495
1711 8981 17285
8981 1711 17285
9719 7317 15225
7317 9719 15225
10007 8459 8801
8459 10007 8801
492 6889 7846
6889 492 7846
6709 8678 11275
8678 6709 11275
5221 6503 27159
6503 5221 27159
2891 6410 7054
6410 2891 7054
2331 10508 6675
10508 2331 6675
4741 4082 12188
4082 4741 12188
6128 7946 3194
7946 6128 3194
6554 7579 27216
7579 6554 27216
167 230 12236
230 167 12236
789 10316 5809
10316 789 5809
8276 2760 712
2760 8276 712
120 1216 10446
1216 120 10446
2567 3187 20976
3187 2567 20976
1712 4823 5007
4823 1712 5007
401 3837 30563
3837 401 30563
7406 147 31621
147 7406 31621
7025 8598 22204
8598 7025 22204
9234 6352 20583
6352 9234 20583
6515 5020 12797
5020 6515 12797
1152 2225 24320
2225 1152 24320
2627 3080 5557
3080 2627 5557
10287 2946 27568
2946 10287 27568
7728 4484 18908
4484 7728 18908
2496 10512 27096
10512 2496 27096
7061 430 16919
430 7061 16919
2313 6037 32452
6037 2313 32452
8459 2440 17257
2440 8459 17257
7569 10335 16111
10335 7569 16111
9585 10475 11900
10475 9585 11900
6170 4690 2745
4690 6170 2745
1770 7291 25855
7291 1770 25855
471 9900 11240
9900 471 11240
5246 2263 26064
2263 5246 26064
8690 18 26498
18 8690 26498
7726 5668 20209
5668 7726 20209
61 1345 12265
1345 61 12265
9273 6041 17779
6041 9273 17779
10274 8696 4421
8696 10274 4421
1507 2082 8924
2082 1507 8924
4864 9593 26260
9593 4864 26260
6 10412 1200
10412 6 1200
5410 3204 28670
3204 5410 28670
4923 7569 17966
7569 4923 17966
2675 10251 4930
10251 2675 4930
4968 176 21853
176 4968 21853
2068 1777 30036
1777 2068 30036
8257 1337 3062
1337 8257 3062
9585 4459 18561
4459 9585 18561
3041 3628 2515
3628 3041 2515
2022 190 11450
190 2022 11450
922 460 20973
460 922 20973
5630 4419 26576
4419 5630 26576
2302 5740 27664
5740 2302 27664
5404 34 6601
34 5404 6601
5599 4759 23749
4759 5599 23749
9864 1502 30105
1502 9864 30105
4858 8200 12842
8200 4858 12842
1884 5619 221
5619 1884 221
4599 6926 32689
6926 4599 32689
808 6820 32111
6820 808 32111
5654 2149 15351
2149 5654 15351
4407 227 30190
227 4407 30190
10287 1696 23349
1696 10287 23349
2934 2340 648
2340 2934 648
3603 673 1530
673 3603 1530
476 403 19887
403 476 19887
10401 1274 16174
1274 10401 16174
4923 6518 14461
6518 4923 14461
5033 444 32143
444 5033 32143
4662 5622 19692
5622 4662 19692
3821 938 31780
938 3821 31780
2492 10400 63
10400 2492 63
3080 9060 8794
9060 3080 8794
156 1494 12832
1494 156 12832
7350 3565 12238
3565 7350 12238
1327 9192 25949
9192 1327 25949
147 7077 8428
7077 147 8428
4823 5373 30037
5373 4823 30037
8034 2904 22757
2904 8034 22757
10107 4204 6004
4204 10107 6004
5962 288 21174
288 5962 21174
3465 224 23105
224 3465 23105
6847 1976 15918
1976 6847 15918
9418 1530 7157
1530 9418 7157
32 4134 20275
4134 32 20275
3405 1686 12445
1686 3405 12445
4671 6074 29890
6074 4671 29890
7454 6559 13342
6559 7454 13342
1306 4971 31313
4971 1306 31313
3465 624 24263
624 3465 24263
7579 7285 4511
7285 7579 4511
10259 1847 13106
1847 10259 13106
10517 1810 15391
1810 10517 15391
4082 4268 4762
4268 4082 4762
2802 3549 21107
3549 2802 21107
5470 492 16635
492 5470 16635
4741 6175 19900
6175 4741 19900
4739 8031 13453
8031 4739 13453
8927 6891 18855
6891 8927 18855
4791 2338 17537
2338 4791 17537
1161 5389 18303
5389 1161 18303
5033 3792 30986
3792 5033 30986
2742 2530 22954
2530 2742 22954
7068 4215 29451
4215 7068 29451
9418 6441 23650
6441 9418 23650
2456 756 11280
756 2456 11280
2884 7267 2944
7267 2884 2944
8888 7654 16214
7654 8888 16214
922 5115 28340
5115 922 28340
6926 7303 4876
7303 6926 4876
419 3181 3210
3181 419 3210
5188 9402 9492
9402 5188 9492
8882 9290 27134
9290 8882 27134
9585 1724 243
1724 9585 243
7219 3447 24470
3447 7219 24470
7061 1935 3240
1935 7061 3240
6515 310 3637
310 6515 3637
1014 3288 30883
3288 1014 30883
190 813 3369
813 190 3369
6508 28 17183
28 6508 17183
8034 4228 6177
4228 8034 6177
8516 6958 31099
6958 8516 31099
5097 9853 24331
9853 5097 24331
8670 7313 17008
7313 8670 17008
9060 677 29453
677 9060 29453
9932 825 21048
825 9932 21048
5599 7728 29459
7728 5599 29459
5622 9683 17911
9683 5622 17911
5599 2155 24495
2155 5599 24495
3556 7964 5650
7964 3556 5650
2022 7228 12596
7228 2022 12596
7362 5331 26415
5331 7362 26415
2419 354 15449
354 2419 15449
3876 9724 4118
9724 3876 4118
9887 1700 28872
1700 9887 28872
6432 8628 16047
8628 6432 16047
4257 7522 23137
7522 4257 23137
9208 2036 20678
2036 9208 20678
8592 668 22811
668 8592 22811
9899 9297 17767
9297 9899 17767
5654 1569 3277
1569 5654 3277
7406 4935 12782
4935 7406 12782
8830 4156 18747
4156 8830 18747
7313 8951 29211
8951 7313 29211
6311 10158 23618
10158 6311 23618
41 6650 27849
6650 41 27849
9536 5087 21246
5087 9536 21246
4858 8059 20255
8059 4858 20255
425 122 3118
122 425 3118
2069 9544 7763
9544 2069 7763
391 8527 5459
8527 391 5459
1337 5120 1108
5120 1337 1108
444 10517 23860
10517 444 23860
1925 8783 22000
8783 1925 22000
1935 194 460
194 1935 460
8670 6910 4450
6910 8670 4450
4228 9143 14551
9143 4228 14551
7074 9926 2622
9926 7074 2622
8160 3509 22892
3509 8160 22892
5812 10469 13366
10469 5812 13366
4864 9988 12906
9988 4864 12906
10005 1662 4150
1662 10005 4150
1150 3844 27821
3844 1150 27821
7928 2604 14270
2604 7928 14270
2842 1384 2359
1384 2842 2359
1802 1630 28809
1630 1802 28809
5805 5491 27349
5491 5805 27349
7732 5944 9955
5944 7732 9955
1404 4696 6126
4696 1404 6126
4401 4167 14137
4167 4401 14137
7696 8 19577
8 7696 19577
7276 9398 8135
9398 7276 8135
1158 9947 23887
9947 1158 23887
7354 1313 6518
1313 7354 6518
1165 8286 9553
8286 1165 9553
1941 9050 17216
9050 1941 17216
156 9887 2586
9887 156 2586
1716 9893 3514
9893 1716 3514
9068 9803 26941
9803 9068 26941
9821 4639 31891
4639 9821 31891
4105 9990 16439
9990 4105 16439
2313 6156 12839
6156 2313 12839
8885 285 28824
285 8885 28824
5944 5309 7541
5309 5944 7541
167 6500 28449
6500 167 28449
498 1803 7455
1803 498 7455
5584 5403 18364
5403 5584 18364
2884 7501 2622
7501 2884 2622
9382 6617 31127
6617 9382 31127
3792 8327 29732
8327 3792 29732
1165 4101 5589
4101 1165 5589
5221 4356 29295
4356 5221 29295
1530 6918 4230
6918 1530 4230
10508 9004 25842
9004 10508 25842
7068 4633 9962
4633 7068 9962
4864 9293 20838
9293 4864 20838
668 1636 28464
1636 668 28464
3187 7898 23771
7898 3187 23771
3844 8466 25896
8466 3844 25896
183 7507 13151
7507 183 13151
6452 7306 25761
7306 6452 25761
8628 2150 6754
2150 8628 6754
374 8039 19824
8039 374 19824
128 7799 31406
