10299 10996 9383
9383 6792 5654
6792 9383 5654
9383 9498 25509
9498 9383 25509
6792 719 19585
719 6792 19585
9498 7018 18418
7018 9498 18418
9498 5396 10267
5396 9498 10267
9383 3245 10020
3245 9383 10020
5396 4499 19859
4499 5396 19859
5396 2610 7456
2610 5396 7456
9383 8888 25512
8888 9383 25512
5396 8271 19690
8271 5396 19690
6792 1515 19439
1515 6792 19439
6792 3703 24561
3703 6792 24561
2610 7048 15526
7048 2610 15526
7048 1430 7574
1430 7048 7574
8888 7310 18454
7310 8888 18454
1430 9563 24679
9563 1430 24679
8888 4288 7643
4288 8888 7643
1515 6614 31681
6614 1515 31681
719 7763 11440
7763 719 11440
8271 7538 8167
7538 8271 8167
7310 1668 19347
1668 7310 19347
4288 9752 17315
9752 4288 17315
7048 10267 18270
10267 7048 18270
7763 8160 25097
8160 7763 25097
9563 9385 11808
9385 9563 11808
2610 6116 16385
6116 2610 16385
9563 5523 991
5523 9563 991
5396 318 16539
318 5396 16539
4499 6221 17553
6221 4499 17553
7310 4539 24665
4539 7310 24665
4539 6581 17766
6581 4539 17766
4288 4941 3830
4941 4288 3830
6221 7578 15286
7578 6221 15286
7310 1927 7249
1927 7310 7249
719 7238 31289
7238 719 31289
1515 1531 6277
1531 1515 6277
719 7256 25939
7256 719 25939
9385 9289 12379
9289 9385 12379
4499 1094 17805
1094 4499 17805
9289 1461 1682
1461 9289 1682
7018 511 2978
511 7018 2978
7048 1327 8108
1327 7048 8108
8271 10151 23457
10151 8271 23457
3245 287 31058
287 3245 31058
4539 503 23823
503 4539 23823
1094 2795 10079
2795 1094 10079
9563 7721 27673
7721 9563 27673
1668 4320 8243
4320 1668 8243
5523 8528 27694
8528 5523 27694
9498 6707 3813
6707 9498 3813
1430 2817 13980
2817 1430 13980
9385 1336 23908
1336 9385 23908
7721 8363 0
8363 7721 0
1668 5056 432
5056 1668 432
7048 3249 9648
3249 7048 9648
8363 7943 16550
7943 8363 16550
4288 5015 12391
5015 4288 12391
1336 4037 24095
4037 1336 24095
7763 2860 3028
2860 7763 3028
6116 8254 25937
8254 6116 25937
2795 6926 2789
6926 2795 2789
1531 9523 9643
9523 1531 9643
8160 1307 24286
1307 8160 24286
6792 2507 32681
2507 6792 32681
6792 1815 15260
1815 6792 15260
6221 8346 31314
8346 6221 31314
5015 8954 3479
8954 5015 3479
7238 2759 9570
2759 7238 9570
2507 8762 30338
8762 2507 30338
10151 4159 21828
4159 10151 21828
8954 3128 19348
3128 8954 19348
2507 3293 7536
3293 2507 7536
10267 3923 7395
3923 10267 7395
8160 8888 25292
8888 8160 25292
9383 5577 28503
5577 9383 28503
1430 2557 17171
2557 1430 17171
287 2812 23324
2812 287 23324
4941 1760 12160
1760 4941 12160
1515 5748 16038
5748 1515 16038
2557 5953 18466
5953 2557 18466
5523 124 14997
124 5523 14997
1515 9699 4779
9699 1515 4779
2812 895 17706
895 2812 17706
2817 169 25239
169 2817 25239
1461 7920 25599
7920 1461 25599
8160 869 506
869 8160 506
6116 4953 4426
4953 6116 4426
8762 5328 12635
5328 8762 12635
1327 9202 3535
9202 1327 3535
8888 758 14949
758 8888 14949
6792 3193 29513
3193 6792 29513
4941 2756 25683
2756 4941 25683
2610 319 21242
319 2610 21242
124 876 27232
876 124 27232
9289 5134 6814
5134 9289 6814
2557 1973 29611
1973 2557 29611
4288 7597 28146
7597 4288 28146
1760 3918 18755
3918 1760 18755
1668 5154 11666
5154 1668 11666
2759 9092 29280
9092 2759 29280
2795 640 5088
640 2795 5088
1515 2024 18421
2024 1515 18421
9752 3264 14112
3264 9752 14112
2860 6701 18451
6701 2860 18451
9699 4426 27682
4426 9699 27682
6581 2636 18143
2636 6581 18143
3923 9688 1800
9688 3923 1800
3249 2344 24076
2344 3249 24076
9289 4899 24583
4899 9289 24583
6707 9972 32016
9972 6707 32016
1307 6006 24629
6006 1307 24629
8888 3802 2956
3802 8888 2956
876 5418 16073
5418 876 16073
7238 5467 31916
5467 7238 31916
7256 5537 4433
5537 7256 4433
1430 1716 19800
1716 1430 19800
8271 1995 29130
1995 8271 29130
5953 5609 153
5609 5953 153
9688 2232 21413
2232 9688 21413
9385 1234 5250
1234 9385 5250
1760 9037 15634
9037 1760 15634
2232 7385 28524
7385 2232 28524
4320 4115 3125
4115 4320 3125
1327 9114 14457
9114 1327 14457
5577 896 18441
896 5577 18441
7048 880 16273
880 7048 16273
4499 8910 19227
8910 4499 19227
5577 7647 22611
7647 5577 22611
3128 8589 27248
8589 3128 27248
896 9044 10425
9044 896 10425
1973 6451 9507
6451 1973 9507
7943 8128 14169
8128 7943 14169
1995 5775 31141
5775 1995 31141
9037 3681 20104
3681 9037 20104
319 6883 17320
6883 319 17320
3245 4630 24787
4630 3245 24787
3703 4021 4631
4021 3703 4631
3128 8760 20607
8760 3128 20607
287 465 18094
465 287 18094
3703 6899 7957
6899 3703 7957
4426 7377 6407
7377 4426 6407
5748 6979 27431
6979 5748 27431
876 6179 21823
6179 876 21823
2232 8713 4553
8713 2232 4553
8346 40 29312
40 8346 29312
5537 6555 5758
6555 5537 5758
9752 1657 30729
1657 9752 30729
3703 7833 28542
7833 3703 28542
719 7546 10136
7546 719 10136
719 281 19878
281 719 19878
5015 4958 6712
4958 5015 6712
1927 9657 15985
9657 1927 15985
10267 3648 30951
3648 10267 30951
1657 3397 27595
3397 1657 27595
3397 8933 19601
8933 3397 19601
7647 6240 4251
6240 7647 4251
8888 7556 6472
7556 8888 6472
1657 10017 19028
10017 1657 19028
895 8724 9935
8724 895 9935
1716 4142 3834
4142 1716 3834
6581 7976 3279
7976 6581 3279
4159 8757 3150
8757 4159 3150
7943 5752 25410
5752 7943 25410
876 4756 24611
4756 876 24611
9092 557 26633
557 9092 26633
1760 4984 17173
4984 1760 17173
4288 4010 4261
4010 4288 4261
8954 4046 13832
4046 8954 13832
6581 8311 27514
8311 6581 27514
4941 3099 22595
3099 4941 22595
124 6537 30270
6537 124 30270
4288 9866 3846
9866 4288 3846
40 7432 14163
7432 40 14163
1234 2027 26845
2027 1234 26845
5467 758 1596
758 5467 1596
6537 6225 30257
6225 6537 30257
6701 8167 4979
8167 6701 4979
8160 6994 32187
6994 8160 32187
9383 7013 31308
7013 9383 31308
9866 7714 20195
7714 9866 20195
4539 10022 1953
10022 4539 1953
7546 1201 19768
1201 7546 19768
4499 159 30332
159 4499 30332
8311 5248 30594
5248 8311 30594
2756 8858 16390
8858 2756 16390
6116 2186 29210
2186 6116 29210
9383 1376 20052
1376 9383 20052
281 640 20368
640 281 20368
1973 3601 31216
3601 1973 31216
5537 3228 17347
3228 5537 17347
5752 5903 18482
5903 5752 18482
1815 4136 27897
4136 1815 27897
5537 9726 29893
9726 5537 29893
6555 3272 15257
3272 6555 15257
7597 1676 31462
1676 7597 31462
8858 8984 3224
8984 8858 3224
640 7576 9029
7576 640 9029
9972 586 5042
586 9972 5042
4499 6761 8590
6761 4499 8590
1815 10004 2570
10004 1815 2570
7597 3091 6403
3091 7597 6403
9202 5697 2756
5697 9202 2756
6883 9804 434
9804 6883 434
2795 4397 27318
4397 2795 27318
10004 5380 28709
5380 10004 28709
3601 1289 31051
1289 3601 31051
2759 10074 16291
10074 2759 16291
9523 8995 18460
8995 9523 18460
6240 9820 9051
9820 6240 9051
5903 1016 9210
1016 5903 9210
1376 8567 15632
8567 1376 15632
4426 9712 9565
9712 4426 9565
2636 3615 6172
3615 2636 6172
8888 87 30567
87 8888 30567
9752 1629 24041
1629 9752 24041
9712 1943 31755
1943 9712 31755
5248 1028 21800
1028 5248 21800
4010 1426 6386
1426 4010 6386
3681 840 20343
840 3681 20343
7943 8620 3122
8620 7943 3122
1760 6362 8505
6362 1760 8505
3918 5747 30966
5747 3918 30966
8620 2323 11708
2323 8620 11708
2610 2484 15270
2484 2610 15270
4756 4557 1547
4557 4756 1547
1657 7989 21042
7989 1657 21042
318 1347 8968
1347 318 8968
8933 3170 4238
3170 8933 4238
3648 5743 29583
5743 3648 29583
1668 2665 17017
2665 1668 17017
4756 9077 24028
9077 4756 24028
6225 6941 4912
6941 6225 4912
4984 5839 32618
5839 4984 32618
9523 289 26776
289 9523 26776
8589 1618 30978
1618 8589 30978
4953 2803 8958
2803 4953 8958
1973 4670 31924
4670 1973 31924
9498 7866 13192
7866 9498 13192
10151 10068 12780
10068 10151 12780
9657 4375 2785
4375 9657 2785
4984 4541 26606
4541 4984 26606
6537 2718 20180
2718 6537 20180
87 3657 2381
3657 87 2381
2812 1090 24773
1090 2812 24773
10151 635 25411
635 10151 25411
9688 7110 22604
7110 9688 22604
2803 8743 10742
8743 2803 10742
503 7101 31844
7101 503 31844
4037 375 16131
375 4037 16131
9688 8363 19178
8363 9688 19178
8888 1531 12786
1531 8888 12786
4037 5729 4439
5729 4037 4439
7647 3534 19036
3534 7647 19036
3228 6970 19203
6970 3228 19203
8589 9788 14820
9788 8589 14820
5752 3373 14425
3373 5752 14425
4046 2700 26714
2700 4046 26714
5729 2940 16306
2940 5729 16306
1461 5432 13983
5432 1461 13983
7721 7564 29661
7564 7721 29661
869 5181 9504
5181 869 9504
5609 1603 25985
1603 5609 25985
7256 6398 4358
6398 7256 4358
4142 8282 31699
8282 4142 31699
124 4870 18280
4870 124 18280
1090 9205 18009
9205 1090 18009
6926 8995 4134
8995 6926 4134
1336 3790 23734
3790 1336 23734
8888 1582 6712
1582 8888 6712
8910 7746 17068
7746 8910 17068
6006 2521 29073
2521 6006 29073
9820 9650 13785
9650 9820 13785
6537 2954 27366
2954 6537 27366
3703 6744 6112
6744 3703 6112
3128 5631 19452
5631 3128 19452
10151 2313 8946
2313 10151 8946
8567 3407 30541
3407 8567 30541
6555 1287 4094
1287 6555 4094
3648 4573 6171
4573 3648 6171
2940 1833 7399
1833 2940 7399
2940 5434 18512
5434 2940 18512
5154 2361 18074
2361 5154 18074
6792 6163 31676
6163 6792 31676
3293 10087 24024
10087 3293 24024
124 1854 13455
1854 124 13455
4557 7262 12036
7262 4557 12036
1676 7882 13090
7882 1676 13090
4630 6287 5228
6287 4630 5228
2610 1134 1896
1134 2610 1896
2940 9547 18352
9547 2940 18352
6581 636 13476
636 6581 13476
375 4466 29279
4466 375 29279
9498 5104 2097
5104 9498 2097
7110 9990 9955
9990 7110 9955
1603 3141 27269
3141 1603 27269
9498 277 25163
277 9498 25163
5748 3326 23987
3326 5748 23987
7310 6292 19615
6292 7310 19615
1201 993 7957
993 1201 7957
1927 5569 28854
5569 1927 28854
1676 3954 2537
3954 1676 2537
7377 8184 26064
8184 7377 26064
3128 8489 30471
8489 3128 30471
4557 1813 13404
1813 4557 13404
9688 2432 31225
2432 9688 31225
6362 8879 27830
8879 6362 27830
3272 10133 5653
10133 3272 5653
8489 586 16830
586 8489 16830
7538 3348 26226
3348 7538 26226
2557 5371 21141
5371 2557 21141
8724 2712 18898
2712 8724 18898
7556 3737 30187
3737 7556 30187
7556 8043 32711
8043 7556 32711
8363 5119 7835
5119 8363 7835
7310 2565 22222
2565 7310 22222
2232 1868 9356
1868 2232 9356
6537 5576 8972
5576 6537 8972
586 8598 11793
8598 586 11793
7048 2029 17391
2029 7048 17391
2432 6928 30005
6928 2432 30005
5134 6056 4847
6056 5134 4847
9044 3571 453
3571 9044 453
6537 1844 16398
1844 6537 16398
1854 25 31722
25 1854 31722
7377 1302 28920
1302 7377 28920
10017 3635 17590
3635 10017 17590
6292 5220 32208
5220 6292 32208
2756 2848 22768
2848 2756 22768
10017 1397 29444
1397 10017 29444
1426 3052 30721
3052 1426 30721
5434 2934 8647
2934 5434 8647
2712 3044 27606
3044 2712 27606
1094 7771 4351
7771 1094 4351
8346 4938 28683
4938 8346 28683
87 7461 7881
7461 87 7881
8995 10260 26050
10260 8995 26050
5104 5823 9953
5823 5104 9953
6979 1363 3823
1363 6979 3823
3802 1664 7311
1664 3802 7311
10022 4144 18175
4144 10022 18175
10133 3433 18154
3433 10133 18154
7377 4406 26665
4406 7377 26665
636 5138 17552
5138 636 17552
3534 2292 5063
2292 3534 5063
9077 4572 14369
4572 9077 14369
9990 153 14724
153 9990 14724
3249 185 4383
185 3249 4383
8858 2877 19533
2877 8858 19533
8043 7102 23817
7102 8043 23817
7746 5201 25920
5201 7746 25920
6179 8501 31427
8501 6179 31427
1668 6588 29710
6588 1668 29710
8160 107 32422
107 8160 32422
7432 8720 22919
8720 7432 22919
1657 6235 8150
6235 1657 8150
1515 822 13400
822 1515 13400
640 9547 14255
9547 640 14255
8724 3026 4370
3026 8724 4370
1327 374 16992
374 1327 16992
8743 5927 26138
5927 8743 26138
822 8487 31764
8487 822 31764
9866 10254 6423
10254 9866 6423
511 3710 14389
3710 511 14389
5927 8409 3821
8409 5927 3821
4756 10279 30898
10279 4756 30898
6235 9417 18549
9417 6235 18549
4670 1944 10573
1944 4670 10573
9990 1625 7523
1625 9990 7523
4557 8334 18260
8334 4557 18260
7310 8478 5154
8478 7310 5154
1668 385 14434
385 1668 14434
6056 133 28815
133 6056 28815
3790 5081 13037
5081 3790 13037
5927 2833 11475
2833 5927 11475
511 2208 29136
2208 511 29136
3571 6611 30420
6611 3571 30420
1603 7162 2068
7162 1603 2068
2718 6762 20973
6762 2718 20973
4037 9496 7336
9496 4037 7336
8489 1656 28657
1656 8489 28657
8995 6650 11712
6650 8995 11712
640 6945 1451
6945 640 1451
9688 129 18965
129 9688 18965
287 7469 7757
7469 287 7757
3571 1357 580
1357 3571 580
4426 4906 3728
4906 4426 3728
374 3588 16115
3588 374 16115
1531 776 29567
776 1531 29567
9496 9423 14477
9423 9496 14477
8888 6855 29199
6855 8888 29199
8128 8735 5037
8735 8128 5037
3588 6910 1056
6910 3588 1056
6792 6709 12697
6709 6792 12697
8363 7044 21625
7044 8363 21625
281 10090 9815
10090 281 9815
8879 4340 20180
4340 8879 20180
2557 9983 3642
9983 2557 3642
6225 7492 27174
7492 6225 27174
7564 8112 15115
8112 7564 15115
10087 1505 8854
1505 10087 8854
7578 2217 29964
2217 7578 29964
1995 407 26087
407 1995 26087
3044 5013 26248
5013 3044 26248
586 5156 12355
5156 586 12355
8589 673 18612
673 8589 18612
896 2017 4266
2017 896 4266
4397 4504 7943
4504 4397 7943
4115 2370 4970
2370 4115 4970
9385 6275 19034
6275 9385 19034
4426 448 30318
448 4426 30318
4136 4541 3936
4541 4136 3936
6970 9652 24145
9652 6970 24145
1094 2882 25704
2882 1094 25704
5823 34 21609
34 5823 21609
8757 5532 2142
5532 8757 2142
9972 506 30026
506 9972 30026
719 7140 6531
7140 719 6531
5013 1267 13432
1267 5013 13432
1028 9986 11358
9986 1028 11358
3615 4539 17720
4539 3615 17720
5396 6108 21449
6108 5396 21449
7578 6996 25030
6996 7578 25030
9563 6049 12590
6049 9563 12590
8589 2226 8540
2226 8589 8540
6108 3299 4173
3299 6108 4173
3099 1791 8896
1791 3099 8896
7238 5531 21540
5531 7238 21540
3588 1100 21603
1100 3588 21603
10074 90 8912
90 10074 8912
2803 6301 25655
6301 2803 25655
9423 8052 23676
8052 9423 23676
5927 7371 12468
7371 5927 12468
4340 9540 3520
9540 4340 3520
5432 5586 16854
5586 5432 16854
7432 1248 18422
1248 7432 18422
8713 6302 11254
6302 8713 11254
6744 4449 10869
4449 6744 10869
6762 257 6087
257 6762 6087
7989 2559 32176
2559 7989 32176
3918 8924 20960
8924 3918 20960
159 10015 7593
10015 159 7593
448 6535 2464
6535 448 2464
4426 10011 9024
10011 4426 9024
1336 5048 6725
5048 1336 6725
6235 7891 21561
7891 6235 21561
9804 8798 10899
8798 9804 10899
5467 1462 28693
1462 5467 28693
6614 11 28255
11 6614 28255
5537 9020 1050
9020 5537 1050
3635 2469 13013
2469 3635 13013
9417 5086 6927
5086 9417 6927
2469 5972 26970
5972 2469 26970
7866 9788 28061
9788 7866 28061
4159 6295 28238
6295 4159 28238
8409 4197 15964
4197 8409 15964
3264 1382 8228
1382 3264 8228
1868 2544 22758
2544 1868 22758
4573 8691 20610
8691 4573 20610
8858 2593 19861
2593 8858 19861
5823 3774 31858
3774 5823 31858
1134 1280 2986
1280 1134 2986
7989 6167 22975
6167 7989 22975
1363 7816 31256
7816 1363 31256
586 7306 30485
7306 586 30485
4906 8219 13096
8219 4906 13096
8112 2097 14728
2097 8112 14728
8363 155 8615
155 8363 8615
5586 1387 15743
1387 5586 15743
4557 6624 32361
6624 4557 32361
1927 4946 23104
4946 1927 23104
1944 4317 9025
4317 1944 9025
87 3461 3728
3461 87 3728
7578 6678 25787
6678 7578 25787
8160 2808 16922
2808 8160 16922
9972 4813 13888
4813 9972 13888
2521 3919 23205
3919 2521 23205
4670 4134 21610
4134 4670 21610
4037 2999 30016
2999 4037 30016
3407 4545 8115
4545 3407 8115
6707 1546 29411
1546 6707 29411
8254 4034 17857
4034 8254 17857
7310 1206 17729
1206 7310 17729
3044 2334 25085
2334 3044 25085
4142 9667 21439
9667 4142 21439
6221 7564 28224
7564 6221 28224
3170 4525 14784
4525 3170 14784
5119 3443 17070
3443 5119 17070
758 747 22225
747 758 22225
8160 5775 4126
5775 8160 4126
6056 9373 32346
9373 6056 32346
4021 9247 17057
9247 4021 17057
9205 99 22489
99 9205 22489
2208 853 8705
853 2208 8705
1844 9957 471
9957 1844 471
4541 3709 25686
3709 4541 25686
3026 3410 6417
3410 3026 6417
1943 5986 19196
5986 1943 19196
3407 1932 12948
1932 3407 12948
5432 5392 23697
5392 5432 23697
4525 4595 29365
4595 4525 29365
3601 543 28361
543 3601 28361
8219 4493 1071
4493 8219 1071
3193 7047 2354
7047 3193 2354
3443 3405 6608
3405 3443 6608
3128 2202 17991
2202 3128 17991
3228 8449 10869
8449 3228 10869
87 9127 19031
9127 87 19031
2795 302 2633
302 2795 2633
6581 9966 16437
9966 6581 16437
5048 4564 13704
4564 5048 13704
4375 5749 6576
5749 4375 6576
2024 636 24621
636 2024 24621
3443 2178 9776
2178 3443 9776
8798 6298 31571
6298 8798 31571
5927 288 31777
288 5927 31777
11 7554 11325
7554 11 11325
1280 5582 16874
5582 1280 16874
5743 258 31282
258 5743 31282
8888 7415 10653
7415 8888 10653
5220 6028 4026
6028 5220 4026
7310 2940 32428
2940 7310 32428
2027 3460 8413
3460 2027 8413
3703 5465 1857
5465 3703 1857
3703 1657 11120
1657 3703 11120
8995 5150 17166
5150 8995 17166
1531 3421 10134
3421 1531 10134
7546 1960 20399
1960 7546 20399
10004 4303 11776
4303 10004 11776
8879 7617 32500
7617 8879 32500
7943 9796 26258
9796 7943 26258
896 7603 1452
7603 896 1452
8762 1515 3442
1515 8762 3442
9712 1411 10699
1411 9712 10699
258 3891 21932
3891 258 21932
2882 2014 3325
2014 2882 3325
869 4614 14329
4614 869 14329
318 1445 11524
1445 318 11524
1028 9139 8519
9139 1028 8519
895 7650 1405
7650 895 1405
6611 8341 18440
8341 6611 18440
7556 3805 30417
3805 7556 30417
1382 4266 131
4266 1382 131
7110 3151 17539
3151 7110 17539
7554 6826 1942
6826 7554 1942
6581 4883 12575
4883 6581 12575
8762 4297 14500
4297 8762 14500
8743 2275 2162
2275 8743 2162
8735 2297 20141
2297 8735 20141
9652 951 22739
951 9652 22739
2361 2107 31167
2107 2361 31167
124 8126 17056
8126 124 17056
6275 5108 2361
5108 6275 2361
9020 1633 12616
1633 9020 12616
5577 3890 165
3890 5577 165
6295 5008 4972
5008 6295 4972
6945 10166 28686
10166 6945 28686
1515 1179 20487
1179 1515 20487
5396 137 10772
137 5396 10772
951 2793 21658
2793 951 21658
8995 3599 16698
3599 8995 16698
1995 10250 15560
10250 1995 15560
2484 7198 25371
7198 2484 25371
6581 8754 19953
8754 6581 19953
7102 1584 908
1584 7102 908
1813 408 25001
408 1813 25001
6179 6004 8910
6004 6179 8910
3534 703 28695
703 3534 28695
2700 3853 8547
3853 2700 8547
7866 8177 18348
8177 7866 18348
4899 3874 22826
3874 4899 22826
1426 4829 12716
4829 1426 12716
10068 9844 26300
9844 10068 26300
5081 1841 23414
1841 5081 23414
640 9459 32586
9459 640 32586
1932 1938 27300
1938 1932 27300
557 9970 11894
9970 557 11894
5582 9677 13894
9677 5582 13894
7647 1620 13515
1620 7647 13515
5086 2344 18921
2344 5086 18921
4545 1678 19175
1678 4545 19175
636 7947 10035
7947 636 10035
7101 6244 5756
6244 7101 5756
7262 9384 16688
9384 7262 16688
3703 5505 30116
5505 3703 30116
6292 1807 30890
1807 6292 30890
2323 9757 14921
9757 2323 14921
5531 8621 795
8621 5531 795
3657 6253 21132
6253 3657 21132
6701 8100 11814
8100 6701 11814
7546 311 31849
311 7546 31849
153 4186 28560
4186 153 28560
6611 7989 21014
7989 6611 21014
758 6197 13872
6197 758 13872
1927 4871 2502
4871 1927 2502
7721 3408 2648
3408 7721 2648
5505 5319 32475
5319 5505 32475
6744 8699 19609
8699 6744 19609
129 9680 21421
9680 129 21421
8621 1113 22523
1113 8621 22523
2940 7222 614
7222 2940 614
9972 750 2294
750 9972 2294
5775 6832 22710
6832 5775 22710
2593 1450 15577
1450 2593 15577
8798 6725 27963
6725 8798 27963
124 924 21852
924 124 21852
302 6644 28404
6644 302 28404
750 362 14988
362 750 14988
2700 9254 3621
9254 2700 3621
6701 5527 18781
5527 6701 18781
8567 5829 31584
5829 8567 31584
7617 3997 10109
3997 7617 10109
257 2688 25795
2688 257 25795
185 7472 9538
7472 185 9538
5537 6709 17027
6709 5537 17027
6004 3376 15557
3376 6004 15557
8924 1600 31572
1600 8924 31572
319 5146 27017
5146 319 27017
90 5385 15970
5385 90 15970
3170 9645 5702
9645 3170 5702
8043 6563 13250
6563 8043 13250
5008 2325 18081
2325 5008 18081
1546 4818 9646
4818 1546 9646
869 4669 264
4669 869 264
6761 729 21485
729 6761 21485
2808 5413 24804
5413 2808 24804
7556 646 4140
646 7556 4140
6398 5876 13272
5876 6398 13272
10022 1499 23865
1499 10022 23865
3890 5002 9429
5002 3890 9429
7047 1340 25697
1340 7047 25697
8567 1795 19998
1795 8567 19998
586 1127 31578
1127 586 31578
90 1369 10138
1369 90 10138
5154 564 31361
564 5154 31361
9540 4006 14591
4006 9540 14591
7564 1333 5725
1333 7564 5725
4493 2908 20412
2908 4493 20412
8879 3589 8346
3589 8879 8346
4426 3787 18099
3787 4426 18099
7989 2900 21498
2900 7989 21498
8126 4652 16924
4652 8126 16924
7377 8771 27644
8771 7377 27644
6832 3332 11303
3332 6832 11303
6761 882 5145
882 6761 5145
8910 9768 20280
9768 8910 20280
6049 86 1003
86 6049 1003
7306 1572 12502
1572 7306 12502
4539 9279 13473
9279 4539 13473
3891 9437 23711
9437 3891 23711
5371 2450 20871
2450 5371 20871
4941 2445 12516
2445 4941 12516
2445 5704 10376
5704 2445 10376
1307 849 1714
849 1307 1714
2712 9593 16634
9593 2712 16634
7882 8011 19835
8011 7882 19835
1302 7175 11799
7175 1302 11799
4899 8344 30364
8344 4899 30364
882 7539 32739
7539 882 32739
2665 2471 26474
2471 2665 26474
3193 880 12413
880 3193 12413
1234 6744 10388
6744 1234 10388
3293 4584 25859
4584 3293 25859
5056 923 16379
923 5056 16379
7597 37 8342
37 7597 8342
4499 8687 7760
8687 4499 7760
153 1534 27941
1534 153 27941
288 5033 23572
5033 288 23572
8984 9563 20732
9563 8984 20732
3710 2478 14796
2478 3710 14796
8344 6861 31058
6861 8344 31058
3599 2217 1424
2217 3599 1424
6537 2207 8526
2207 6537 8526
3774 6020 15420
6020 3774 15420
407 1564 14901
1564 407 14901
9384 7770 1759
7770 9384 1759
511 5361 1216
5361 511 1216
5081 7610 9550
7610 5081 9550
3997 484 29900
484 3997 29900
2186 4764 31964
4764 2186 31964
7044 4139 12259
4139 7044 12259
9139 3901 28323
3901 9139 28323
3326 3474 3152
3474 3326 3152
1376 1137 23277
1137 1376 23277
5104 9963 31157
9963 5104 31157
3245 5073 24464
5073 3245 24464
4159 5624 32101
5624 4159 32101
5729 2618 32097
2618 5729 32097
10254 227 15340
227 10254 15340
9657 4052 29969
4052 9657 29969
2297 385 13957
385 2297 13957
4572 1124 26117
1124 4572 26117
8341 2483 15998
2483 8341 15998
9677 9202 6669
9202 9677 6669
3141 1561 31145
1561 3141 31145
5569 7522 32520
7522 5569 32520
8713 597 31347
597 8713 31347
5823 6231 11216
6231 5823 11216
3703 8617 13114
8617 3703 13114
7262 2773 16
2773 7262 16
8011 7493 16367
7493 8011 16367
4493 7748 1733
7748 4493 1733
3348 5914 29238
5914 3348 29238
7721 6803 20892
6803 7721 20892
6701 7208 2938
7208 6701 2938
4829 7517 6003
7517 4829 6003
3615 2678 28070
2678 3615 28070
7018 1416 2716
1416 7018 2716
7746 1321 5777
1321 7746 5777
10267 3459 11194
3459 10267 11194
4829 4898 17214
4898 4829 17214
6644 4001 25678
4001 6644 25678
8888 135 28530
135 8888 28530
4938 1015 78
1015 4938 78
993 1818 23381
1818 993 23381
4946 5876 16475
5876 4946 16475
4499 10147 9251
10147 4499 9251
1603 800 18035
800 1603 18035
6253 3299 7688
3299 6253 7688
2483 4606 7473
4606 2483 7473
9417 3312 19651
3312 9417 19651
8409 7673 7673
7673 8409 7673
7262 2910 26025
2910 7262 26025
9077 7052 5282
7052 9077 5282
7882 6704 277
6704 7882 277
6020 8911 16250
8911 6020 16250
8754 7857 23150
7857 8754 23150
1620 4961 16573
4961 1620 16573
5081 6919 1353
6919 5081 1353
2478 790 21202
790 2478 21202
1678 1235 9046
1235 1678 9046
1302 238 8940
238 1302 8940
7746 661 14861
661 7746 14861
5631 9366 11743
9366 5631 11743
9788 9598 6238
9598 9788 6238
9127 7726 26958
7726 9127 26958
4652 2931 7124
2931 4652 7124
2334 2203 30586
2203 2334 30586
4595 7387 25060
7387 4595 25060
8478 2167 11863
2167 8478 11863
7048 8105 23908
8105 7048 23908
6302 6654 27317
6654 6302 27317
3919 697 12634
697 3919 12634
2795 5866 3749
5866 2795 3749
4541 3701 27045
3701 4541 27045
9645 2 13910
2 9645 13910
3052 6029 32559
6029 3052 32559
277 8486 12579
8486 277 12579
5418 2184 22696
2184 5418 22696
4545 4121 13458
4121 4545 13458
1387 9933 31226
9933 1387 31226
1461 6303 7524
6303 1461 7524
3901 1440 9206
1440 3901 9206
2817 6103 30478
6103 2817 30478
7052 4402 4840
4402 7052 4840
9699 9637 31800
9637 9699 31800
9652 8765 9754
8765 9652 9754
4037 3668 25362
3668 4037 25362
5532 3218 21351
3218 5532 21351
7989 571 7827
571 7989 7827
4564 3421 12656
3421 4564 12656
1534 8364 23055
8364 1534 23055
7576 3018 26643
3018 7576 26643
9645 9889 26272
9889 9645 26272
3923 6283 18991
6283 3923 18991
1137 2983 10835
2983 1137 10835
4670 3096 3296
3096 4670 3296
448 4147 28447
4147 448 28447
2184 1522 20404
1522 2184 20404
4134 10136 17418
10136 4134 17418
7597 5549 18057
5549 7597 18057
1932 3660 3335
3660 1932 3335
6855 8977 8465
8977 6855 8465
3534 634 28280
634 3534 28280
4134 1200 5432
1200 4134 5432
6167 3454 1880
3454 6167 1880
2450 10007 2261
10007 2450 2261
155 9303 31092
9303 155 31092
4288 3326 3189
3326 4288 3189
6292 871 8512
871 6292 8512
7415 9591 31773
9591 7415 31773
2507 8972 10023
8972 2507 10023
646 743 31827
743 646 31827
2610 1531 21105
1531 2610 21105
1676 7679 30939
7679 1676 30939
8858 2013 18950
2013 8858 18950
7650 7460 6105
7460 7650 6105
9983 9584 18880
9584 9983 18880
1347 9002 3941
9002 1347 3941
1200 1883 21261
1883 1200 21261
10022 5514 17582
5514 10022 17582
9844 8793 5634
8793 9844 5634
7432 6322 25408
6322 7432 25408
7721 7363 19517
7363 7721 19517
10022 7841 8
7841 10022 8
849 2145 4387
2145 849 4387
6283 811 12077
811 6283 12077
5972 6107 31575
6107 5972 31575
5927 1283 1238
1283 5927 1238
6762 4205 27015
4205 6762 27015
5752 8547 6260
8547 5752 6260
8757 8170 10457
8170 8757 10457
2910 8762 7980
8762 2910 7980
6362 1501 26021
1501 6362 26021
1815 9182 23920
9182 1815 23920
9139 998 18233
998 9139 18233
2344 8229 22766
8229 2344 22766
5413 1655 15840
1655 5413 15840
318 1089 11098
1089 318 11098
3044 3506 30304
3506 3044 30304
9677 6409 27584
6409 9677 27584
8478 9672 10408
9672 8478 10408
7110 3898 10074
3898 7110 10074
3332 6809 8041
6809 3332 8041
5748 7796 9260
7796 5748 9260
7517 9004 29905
9004 7517 29905
1531 3240 30411
3240 1531 30411
8449 9160 9371
9160 8449 9371
3601 3655 8724
3655 3601 8724
7460 4883 20018
4883 7460 20018
2297 6319 21197
6319 2297 21197
5876 7615 24995
7615 5876 24995
5972 7073 8794
7073 5972 8794
3397 3424 2177
3424 3397 2177
729 6540 29456
6540 729 29456
4756 9751 30741
9751 4756 30741
3805 4163 15822
4163 3805 15822
6725 7428 3181
7428 6725 3181
1137 9830 23519
9830 1137 23519
1200 51 9253
51 1200 9253
703 1924 18776
1924 703 18776
8346 5365 17149
5365 8346 17149
2882 1453 23402
1453 2882 23402
822 156 5537
156 822 5537
1113 740 17253
740 1113 17253
87 8229 6952
8229 87 6952
5609 5965 16984
5965 5609 16984
7018 4005 2354
4005 7018 2354
3954 1806 31382
1806 3954 31382
571 7782 1460
7782 571 1460
5505 1083 9100
1083 5505 9100
951 7613 7635
7613 951 7635
2817 6654 22950
6654 2817 22950
4584 6370 851
6370 4584 851
8409 134 10039
134 8409 10039
25 10001 8848
10001 25 8848
3141 8594 1180
8594 3141 1180
7472 2126 8443
2126 7472 8443
6704 3002 15646
3002 6704 15646
3923 5578 22659
5578 3923 22659
6163 8169 13106
8169 6163 13106
4941 158 32389
158 4941 32389
4953 7552 14891
7552 4953 14891
158 897 25868
897 158 25868
4630 2766 29828
2766 4630 29828
2469 9380 15241
9380 2469 15241
7363 8067 11577
8067 7363 11577
1625 3941 28752
3941 1625 28752
9889 2186 18428
2186 9889 18428
8100 4761 26232
4761 8100 26232
8501 5990 30492
5990 8501 30492
8346 158 11251
158 8346 11251
1657 5323 14204
5323 1657 14204
9963 7518 18938
7518 9963 18938
4871 8218 29168
8218 4871 29168
2167 7591 15897
7591 2167 15897
9820 7534 24269
7534 9820 24269
5392 4643 13449
4643 5392 13449
6926 2640 13218
2640 6926 13218
6235 2490 19609
2490 6235 19609
7770 2892 3143
2892 7770 3143
1603 8175 5709
8175 1603 5709
8984 2264 14275
2264 8984 14275
4572 4346 9347
4346 4572 9347
6302 317 26305
317 6302 26305
7721 928 4410
928 7721 4410
6654 9095 31883
9095 6654 31883
2027 9707 14805
9707 2027 14805
3954 36 17595
36 3954 17595
6803 8216 22376
8216 6803 22376
3044 6843 24363
6843 3044 24363
8762 987 31608
987 8762 31608
6179 8299 8394
8299 6179 8394
4346 3873 29618
3873 4346 29618
4397 9674 17240
9674 4397 17240
1927 7962 14208
7962 1927 14208
1307 1248 22339
1248 1307 22339
5531 9066 22673
9066 5531 22673
4573 7371 21012
7371 4573 21012
5747 6291 2980
6291 5747 2980
1564 1080 6442
1080 1564 6442
8169 6018 20793
6018 8169 20793
153 8261 23486
8261 153 23486
4288 8045 7675
8045 4288 7675
2908 4973 16476
4973 2908 16476
2756 1749 12533
1749 2756 12533
10015 4358 10588
4358 10015 10588
8167 4078 6648
4078 8167 6648
4606 8587 28923
8587 4606 28923
10147 5330 23743
5330 10147 23743
5914 6694 18726
6694 5914 18726
8128 4587 11688
4587 8128 11688
4340 9704 13338
9704 4340 13338
9004 25 2851
25 9004 2851
1015 1556 8790
1556 1015 8790
1445 8111 810
8111 1445 810
7556 5397 30633
5397 7556 30633
7101 4329 22101
4329 7101 22101
9202 2683 23599
2683 9202 23599
9417 8647 29294
8647 9417 29294
5013 3101 8098
3101 5013 8098
3923 10208 31887
10208 3923 31887
9796 7116 25676
7116 9796 25676
5432 2155 26417
2155 5432 26417
9417 914 5236
914 9417 5236
543 3974 27312
3974 543 27312
238 734 8234
734 238 8234
5582 2936 14135
2936 5582 14135
7110 6227 31407
6227 7110 31407
1283 418 27922
418 1283 27922
5697 2774 5622
2774 5697 5622
36 4916 25803
4916 36 25803
2900 4902 32752
4902 2900 32752
8735 4440 8875
4440 8735 8875
4288 6092 6299
6092 4288 6299
9205 2248 2420
2248 9205 2420
4539 1590 26895
1590 4539 26895
511 6851 3687
6851 511 3687
1100 935 17158
935 1100 17158
25 520 25848
520 25 25848
1363 3207 19847
3207 1363 19847
1234 3436 25283
3436 1234 25283
634 783 20156
783 634 20156
8598 9393 19606
9393 8598 19606
1924 8034 11301
8034 1924 11301
1938 6359 25517
6359 1938 25517
9279 9901 4511
9901 9279 4511
8229 4150 30334
4150 8229 30334
4572 10137 17652
10137 4572 17652
7576 1429 31387
1429 7576 31387
703 3806 12027
3806 703 12027
8687 7984 23956
7984 8687 23956
3802 1986 25704
1986 3802 25704
3052 959 22761
959 3052 22761
1944 5509 18391
5509 1944 18391
2297 6334 14694
6334 2297 14694
3601 1807 3016
1807 3601 3016
4147 674 17528
674 4147 17528
7989 6673 13945
6673 7989 13945
4973 1456 18026
1456 4973 18026
7538 3360 8928
3360 7538 8928
2507 655 27267
655 2507 27267
9796 985 8506
985 9796 8506
7989 1839 23163
1839 7989 23163
3360 1993 7911
1993 3360 7911
2202 10206 21700
10206 2202 21700
3668 8091 28812
8091 3668 28812
4906 9373 405
9373 4906 405
2 4991 19118
4991 2 19118
8216 9401 23751
9401 8216 23751
2678 8990 29768
8990 2678 29768
6225 1123 7888
1123 6225 7888
1453 5888 7178
5888 1453 7178
3460 3426 14733
3426 3460 14733
362 7319 17468
7319 362 17468
7721 5093 19866
5093 7721 19866
6701 6813 17027
6813 6701 17027
1127 2076 868
2076 1127 868
7461 8252 10228
8252 7461 10228
1430 4706 32569
4706 1430 32569
11 9534 23356
9534 11 23356
9788 5259 18949
5259 9788 18949
3299 4907 4551
4907 3299 4551
7432 10143 4223
10143 7432 4223
7238 1231 30245
1231 7238 30245
2848 6649 6382
6649 2848 6382
661 2746 31013
2746 661 31013
7714 5957 21454
5957 7714 21454
8984 3573 22623
3573 8984 22623
7833 823 1537
823 7833 1537
8126 7055 8223
7055 8126 8223
5220 4509 19279
4509 5220 19279
2202 2383 10223
2383 2202 10223
2908 9764 9821
9764 2908 9821
4147 4008 4151
4008 4147 4151
374 1737 3950
1737 374 3950
3426 7123 27814
7123 3426 27814
1716 10176 1404
10176 1716 1404
133 5521 23145
5521 133 23145
10090 7663 7576
7663 10090 7576
2746 1322 4688
1322 2746 4688
4358 9642 31374
9642 4358 31374
7603 8630 26232
8630 7603 26232
5747 7138 2872
7138 5747 2872
3312 9796 22555
9796 3312 22555
7377 494 30740
494 7377 30740
2892 4214 23933
4214 2892 23933
1806 2659 22766
2659 1806 22766
4144 8155 22857
8155 4144 22857
3923 3823 12735
3823 3923 12735
4320 934 31662
934 4320 31662
5972 3151 25105
3151 5972 25105
9127 4416 6937
4416 9127 6937
6761 9280 13450
9280 6761 13450
134 6362 21867
6362 134 21867
1499 8508 9320
8508 1499 9320
8793 7913 19441
7913 8793 19441
2383 3456 19733
3456 2383 19733
4606 455 23438
455 4606 23438
6649 4539 23587
4539 6649 23587
1807 1820 8144
1820 1807 8144
1737 126 22596
126 1737 22596
10015 1548 10994
1548 10015 10994
2940 9654 12319
9654 2940 12319
9889 3403 30195
3403 9889 30195
6644 2073 23064
2073 6644 23064
9751 2580 29508
2580 9751 29508
8924 2593 27227
2593 8924 27227
3919 2488 13254
2488 3919 13254
9202 8149 30412
8149 9202 30412
1546 5062 265
5062 1546 265
5531 960 30900
960 5531 30900
9963 4554 269
4554 9963 269
4493 2756 10803
2756 4493 10803
3249 2408 14064
2408 3249 14064
3615 7 12776
7 3615 12776
8170 810 20818
810 8170 20818
10250 1154 22865
1154 10250 22865
2126 1653 601
1653 2126 601
2817 281 6857
281 2817 6857
6291 6418 26257
6418 6291 26257
3571 9145 6711
9145 3571 6711
9437 10038 5924
10038 9437 5924
3141 9563 10176
9563 3141 10176
5181 2362 14625
2362 5181 14625
40 7974 20003
7974 40 20003
3141 7114 32446
7114 3141 32446
2445 3338 13957
3338 2445 13957
1397 1700 28901
1700 1397 28901
2892 9307 27095
9307 2892 27095
7387 1171 18025
1171 7387 18025
8252 4514 15388
4514 8252 15388
1657 1726 23476
1726 1657 23476
8449 5608 2105
5608 8449 2105
2184 4296 22732
4296 2184 22732
1347 727 25363
727 1347 25363
8216 8143 3333
8143 8216 3333
8501 2087 9003
2087 8501 9003
6701 8947 20154
8947 6701 20154
8647 5050 5625
5050 8647 5625
6762 456 4830
456 6762 4830
5953 1463 3756
1463 5953 3756
10004 6342 17222
6342 10004 17222
5577 4664 12833
4664 5577 12833
5829 4988 27645
4988 5829 27645
159 3204 4655
3204 159 4655
8034 9697 30470
9697 8034 30470
6624 5029 24216
5029 6624 24216
2718 593 11080
593 2718 11080
511 2645 15419
2645 511 15419
2217 4640 20134
4640 2217 20134
8299 9578 17251
9578 8299 17251
9830 7875 29810
7875 9830 29810
9044 2099 19523
2099 9044 19523
2313 5193 30896
5193 2313 30896
7387 1108 7421
1108 7387 7421
7748 3668 15854
3668 7748 15854
4509 590 20167
590 4509 20167
4037 924 18074
924 4037 18074
3326 10191 26640
10191 3326 26640
1807 4125 1048
4125 1807 1048
2774 559 18347
559 2774 18347
8091 852 1296
852 8091 1296
6409 3492 8561
3492 6409 8561
7492 8666 22945
8666 7492 22945
7123 4723 1751
4723 7123 1751
1289 2739 24451
2739 1289 24451
3802 8704 22113
8704 3802 22113
7597 268 315
268 7597 315
4829 8649 783
8649 4829 783
6319 3487 6897
3487 6319 6897
6855 8667 258
8667 6855 258
2432 6105 31878
6105 2432 31878
5965 4393 22291
4393 5965 22291
3487 5685 13302
5685 3487 13302
465 8282 27927
8282 465 27927
9578 8579 15417
8579 9578 15417
2774 8216 15610
8216 2774 15610
790 2094 11283
2094 790 11283
8160 6163 8448
6163 8160 8448
1943 1049 23955
1049 1943 23955
5134 3233 9163
3233 5134 9163
6725 4576 4669
4576 6725 4669
5876 5976 1780
5976 5876 1780
3312 738 8452
738 3312 8452
1137 8487 15196
8487 1137 15196
8995 10298 4776
10298 8995 4776
4595 6293 21120
6293 4595 21120
3403 6029 1559
6029 3403 1559
2484 4256 4719
4256 2484 4719
6910 7273 6613
7273 6910 6613
6994 9378 24127
9378 6994 24127
2774 9309 14499
9309 2774 14499
636 7484 8970
7484 636 8970
2297 3844 22233
3844 2297 22233
5876 10169 32219
10169 5876 32219
7962 2948 15153
2948 7962 15153
3373 8418 26902
8418 3373 26902
6650 9092 10479
9092 6650 10479
869 4956 67
4956 869 67
6919 9995 31407
9995 6919 31407
5990 3375 24379
3375 5990 24379
6654 8685 17473
8685 6654 17473
4630 8177 24109
8177 4630 24109
8478 5059 14166
5059 8478 14166
3170 7895 32250
7895 3170 32250
959 790 6642
790 959 6642
2766 2579 20686
2579 2766 20686
1603 3228 28376
3228 1603 28376
1737 3404 6411
3404 1737 6411
3026 5469 20334
5469 3026 20334
3249 332 19672
332 3249 19672
9820 3655 13262
3655 9820 13262
5578 4076 14072
4076 5578 14072
227 6408 20726
6408 227 20726
8034 2673 7604
2673 8034 7604
9092 3862 7776
3862 9092 7776
5465 374 16122
374 5465 16122
7564 3353 19302
3353 7564 19302
6295 1992 7425
1992 6295 7425
10011 5467 16949
5467 10011 16949
5532 4359 6419
4359 5532 6419
5013 5822 6472
5822 5013 6472
8691 3990 16972
3990 8691 16972
2186 1744 21916
1744 2186 21916
7989 1930 7276
1930 7989 7276
7538 7916 28445
7916 7538 28445
2739 1260 1808
1260 2739 1808
4346 9088 30204
9088 4346 30204
2803 4321 26607
4321 2803 26607
923 4178 21226
4178 923 21226
3408 9866 23279
9866 3408 23279
4205 804 13689
804 4205 13689
2640 7754 296
7754 2640 296
9830 4862 11009
4862 9830 11009
5957 9402 9266
9402 5957 9266
559 8426 24039
8426 559 24039
4297 7695 21848
7695 4297 21848
5138 91 28690
91 5138 28690
8617 5793 2174
5793 8617 2174
7833 9343 5363
9343 7833 5363
1760 217 30939
217 1760 30939
2892 5402 20081
5402 2892 20081
2024 7711 31192
7711 2024 31192
1327 6343 19854
6343 1327 19854
7208 5486 16571
5486 7208 16571
8687 9902 17064
9902 8687 17064
9380 81 17371
81 9380 17371
3101 1188 12957
1188 3101 12957
5775 3739 4756
3739 5775 4756
6409 6328 32064
6328 6409 32064
1440 7062 5432
7062 1440 5432
8045 5702 30431
5702 8045 30431
7123 3219 1706
3219 7123 1706
9995 3822 6603
3822 9995 6603
8589 6811 16749
6811 8589 16749
2017 2174 13853
2174 2017 13853
1833 307 14408
307 1833 14408
2817 1444 30004
1444 2817 30004
7746 151 14025
151 7746 14025
10133 3120 21400
3120 10133 21400
559 3557 24666
3557 559 24666
4001 2967 12107
2967 4001 12107
5514 7622 25759
7622 5514 25759
4514 509 431
509 4514 431
1515 9192 5709
9192 1515 5709
1531 2272 9099
2272 1531 9099
4898 3038 3529
3038 4898 3529
9697 4112 24272
4112 9697 24272
8911 8967 21286
8967 8911 21286
2167 3099 25901
3099 2167 25901
1171 6524 17248
6524 1171 17248
8128 4937 21408
4937 8128 21408
2 3169 4833
3169 2 4833
1807 3365 2674
3365 1807 2674
1171 9013 953
9013 1171 953
6581 4444 7789
4444 6581 7789
3487 5057 12300
5057 3487 12300
1357 7778 21293
7778 1357 21293
1411 7362 14754
7362 1411 14754
8334 740 14291
740 8334 14291
10074 8607 21923
8607 10074 21923
2203 905 30350
905 2203 30350
81 1822 6109
1822 81 6109
8489 3171 31917
3171 8489 31917
5876 439 9004
439 5876 9004
790 7088 9269
7088 790 9269
1656 2857 3292
2857 1656 3292
4902 9547 18750
9547 4902 18750
4010 9279 24342
9279 4010 24342
1108 2737 1142
2737 1108 1142
1841 1992 19134
1992 1841 19134
7989 5286 29087
5286 7989 29087
5876 7972 21326
7972 5876 21326
1234 265 17385
265 1234 17385
9547 8013 8074
8013 9547 8074
1307 7643 17259
7643 1307 17259
8762 8757 12323
8757 8762 12323
7371 3648 30261
3648 7371 30261
6792 4911 6570
4911 6792 6570
9092 7380 31913
7380 9092 31913
7597 3872 4444
3872 7597 4444
3710 405 23581
405 3710 23581
5328 6801 13482
6801 5328 13482
5608 9891 25593
9891 5608 25593
9127 5159 406
5159 9127 406
2484 7347 22731
7347 2484 22731
6650 6338 2609
6338 6650 2609
6291 47 28162
47 6291 28162
4046 8891 6114
8891 4046 6114
8607 1615 8795
1615 8607 8795
1283 2165 17215
2165 1283 17215
4941 1857 7195
1857 4941 7195
2323 6496 2974
6496 2323 2974
124 7124 31146
7124 124 31146
1456 7649 17832
7649 1456 17832
5402 7619 55
7619 5402 55
9540 6946 23187
6946 9540 23187
134 6898 30048
6898 134 30048
7262 2743 22992
2743 7262 22992
6581 5694 4629
5694 6581 4629
5286 7977 23887
7977 5286 23887
5201 3853 11323
3853 5201 11323
4573 7403 17576
7403 4573 17576
3990 7947 16809
7947 3990 16809
3348 10141 26052
10141 3348 26052
8091 2556 19101
2556 8091 19101
1100 1492 4584
1492 1100 4584
4973 810 29380
810 4973 29380
509 4331 17442
4331 509 17442
2857 5143 24408
5143 2857 24408
4991 1681 2701
1681 4991 2701
4266 3734 19979
3734 4266 19979
3703 1503 19953
1503 3703 19953
1450 3632 27576
3632 1450 27576
8155 5228 5013
5228 8155 5013
1382 4501 4886
4501 1382 4886
4296 4324 17265
4324 4296 17265
7619 8461 721
8461 7619 721
6563 702 28921
702 6563 28921
5286 6678 22502
6678 5286 22502
10279 8203 12085
8203 10279 12085
10267 6542 1035
6542 10267 1035
8013 10210 10475
10210 8013 10475
4008 1732 24971
1732 4008 24971
8067 1646 7166
1646 8067 7166
2186 994 15594
994 2186 15594
9044 2699 849
2699 9044 849
3822 2781 534
2781 3822 534
3823 3791 15572
3791 3823 15572
3375 9010 32290
9010 3375 32290
2471 9918 24961
9918 2471 24961
5371 5887 10172
5887 5371 10172
9844 3243 25451
3243 9844 25451
6535 2444 28634
2444 6535 28634
8175 7495 27197
7495 8175 27197
10090 860 2380
860 10090 2380
1090 3660 24756
3660 1090 24756
2948 9273 12607
9273 2948 12607
107 2236 17905
2236 107 17905
3404 5166 7123
5166 3404 7123
1462 902 11201
902 1462 11201
2370 9430 3916
9430 2370 3916
7647 1393 26410
1393 7647 26410
6253 421 15756
421 6253 15756
6451 1682 27357
1682 6451 27357
2860 7055 24279
7055 2860 24279
6654 1670 7002
1670 6654 7002
238 630 16909
630 238 16909
8967 4036 15083
4036 8967 15083
4159 9026 17887
9026 4159 17887
3233 4207 24522
4207 3233 24522
5396 6240 19375
6240 5396 19375
7140 7399 20735
7399 7140 20735
5418 6296 21
6296 5418 21
6654 6983 14047
6983 6654 14047
5914 7602 7742
7602 5914 7742
1854 1667 21050
1667 1854 21050
6542 8110 27304
8110 6542 27304
4256 8051 31120
8051 4256 31120
7371 688 22241
688 7371 22241
9280 5820 32234
5820 9280 32234
4402 6513 25428
6513 4402 25428
6409 64 24871
64 6409 24871
