10544 50394 5708
5708 9300 25583
9300 5708 25583
5708 8601 29567
8601 5708 29567
8601 10304 17232
10304 8601 17232
9300 6224 7665
6224 9300 7665
9300 942 32672
942 9300 32672
8601 4958 16252
4958 8601 16252
5708 9432 1281
9432 5708 1281
6224 3821 21335
3821 6224 21335
4958 6927 16004
6927 4958 16004
6927 4079 15384
4079 6927 15384
10304 1492 15059
1492 10304 15059
4958 270 14902
270 4958 14902
1492 6542 4426
6542 1492 4426
9432 4521 10684
4521 9432 10684
9432 2234 4092
2234 9432 4092
10304 1038 2393
1038 10304 2393
1038 3159 6721
3159 1038 6721
2234 5565 270
5565 2234 270
4958 10265 7257
10265 4958 7257
6927 6890 26912
6890 6927 26912
4958 10497 9292
10497 4958 9292
9432 2544 16938
2544 9432 16938
4521 504 22805
504 4521 22805
270 5194 13654
5194 270 13654
4521 2806 174
2806 4521 174
5194 8045 8227
8045 5194 8227
5708 2673 23197
2673 5708 23197
2544 2447 29009
2447 2544 29009
6224 531 6164
531 6224 6164
10265 2922 17596
2922 10265 17596
270 5277 31682
5277 270 31682
10304 813 19024
813 10304 19024
4079 6000 31459
6000 4079 31459
1038 5337 10339
5337 1038 10339
2234 10464 26159
10464 2234 26159
1492 8811 17424
8811 1492 17424
4079 113 31938
113 4079 31938
5708 2035 14958
2035 5708 14958
9432 4711 9230
4711 9432 9230
10265 121 27568
121 10265 27568
6890 8029 10091
8029 6890 10091
4079 3537 21912
3537 4079 21912
2544 1201 9973
1201 2544 9973
6927 7186 11462
7186 6927 11462
4711 9757 4270
9757 4711 4270
6224 6891 15549
6891 6224 15549
1038 603 28694
603 1038 28694
5277 4339 9409
4339 5277 9409
6000 10249 24517
10249 6000 24517
2544 9572 7125
9572 2544 7125
6542 2768 17830
2768 6542 17830
4711 7866 4225
7866 4711 4225
2806 7247 3550
7247 2806 3550
6890 421 18734
421 6890 18734
10265 9792 8589
9792 10265 8589
2447 6707 12339
6707 2447 12339
121 9941 11750
9941 121 11750
813 10234 17133
10234 813 17133
2234 1631 17744
1631 2234 17744
9792 1615 15730
1615 9792 15730
10249 9696 18322
9696 10249 18322
813 2859 9414
2859 813 9414
2768 7697 7995
7697 2768 7995
10265 4150 20379
4150 10265 20379
9792 6597 4532
6597 9792 4532
5194 1692 4602
1692 5194 4602
6000 5140 27857
5140 6000 27857
8601 2575 19056
2575 8601 19056
3821 8159 6075
8159 3821 6075
813 3047 20370
3047 813 20370
4521 6862 18040
6862 4521 18040
10234 8494 13041
8494 10234 13041
4521 3377 5770
3377 4521 5770
6000 72 2778
72 6000 2778
2035 6696 95
6696 2035 95
5277 5245 1653
5245 5277 1653
6890 5118 7293
5118 6890 7293
1631 4649 2079
4649 1631 2079
5140 8681 3251
8681 5140 3251
4079 4190 28687
4190 4079 28687
8045 8775 14521
8775 8045 14521
4150 815 13739
815 4150 13739
8601 3527 19202
3527 8601 19202
9300 8816 30751
8816 9300 30751
6707 596 17843
596 6707 17843
5245 10101 24321
10101 5245 24321
2544 8379 28911
8379 2544 28911
5194 8768 2614
8768 5194 2614
4190 2949 6915
2949 4190 6915
3377 10265 31829
10265 3377 31829
4079 6228 30743
6228 4079 30743
8816 19 27950
19 8816 27950
6707 9611 12905
9611 6707 12905
2234 7204 23118
7204 2234 23118
4079 3919 15682
3919 4079 15682
6891 305 2442
305 6891 2442
1692 2578 3103
2578 1692 3103
8816 1534 5630
1534 8816 5630
8045 4052 15565
4052 8045 15565
3047 740 6666
740 3047 6666
2806 1809 24161
1809 2806 24161
8681 10257 10529
10257 8681 10529
3377 9171 6231
9171 3377 6231
2806 9106 8850
9106 2806 8850
603 1476 23610
1476 603 23610
9171 10412 661
10412 9171 661
7697 1136 20906
1136 7697 20906
813 343 18748
343 813 18748
1631 2873 8081
2873 1631 8081
8159 5852 26394
5852 8159 26394
2544 2076 26347
2076 2544 26347
72 3239 28091
3239 72 28091
6890 329 627
329 6890 627
603 8262 5706
8262 603 5706
3047 4262 15365
4262 3047 15365
4150 115 6898
115 4150 6898
5194 9576 29601
9576 5194 29601
6542 2200 28635
2200 6542 28635
1201 4401 32082
4401 1201 32082
9432 3818 11989
3818 9432 11989
9572 1088 4700
1088 9572 4700
3821 7249 5394
7249 3821 5394
6890 5142 26506
5142 6890 26506
5277 7634 21630
7634 5277 21630
10464 1403 7536
1403 10464 7536
2949 9886 17034
9886 2949 17034
1631 1917 8433
1917 1631 8433
3537 1766 11410
1766 3537 11410
8494 9855 382
9855 8494 382
2949 967 24102
967 2949 24102
2806 871 4028
871 2806 4028
1136 5875 16342
5875 1136 16342
19 7358 4750
7358 19 4750
813 9354 30036
9354 813 30036
2859 10127 22979
10127 2859 22979
2234 10078 6156
10078 2234 6156
9354 7837 15572
7837 9354 15572
7204 7782 10115
7782 7204 10115
7634 3218 31084
3218 7634 31084
19 8809 6931
8809 19 6931
4401 708 14528
708 4401 14528
3377 843 14566
843 3377 14566
10127 9452 5078
9452 10127 5078
5194 7590 1086
7590 5194 1086
8029 4599 3660
4599 8029 3660
4649 5696 18793
5696 4649 18793
596 8868 31813
8868 596 31813
9611 4795 6132
4795 9611 6132
4795 10484 29569
10484 4795 29569
4339 9109 27636
9109 4339 27636
5142 1785 4302
1785 5142 4302
8868 3975 28040
3975 8868 28040
3527 10078 21067
10078 3527 21067
1766 2379 6622
2379 1766 6622
596 3774 23618
3774 596 23618
596 7235 27482
7235 596 27482
2234 7544 382
7544 2234 382
4262 8209 16052
8209 4262 16052
8816 5460 10591
5460 8816 10591
305 2253 20782
2253 305 20782
8868 1445 32040
1445 8868 32040
4150 5312 22570
5312 4150 22570
2873 2583 29492
2583 2873 29492
3239 9890 27851
9890 3239 27851
2253 94 10776
94 2253 10776
4262 9353 26209
9353 4262 26209
5194 8554 24277
8554 5194 24277
8159 3035 21719
3035 8159 21719
7866 9573 28846
9573 7866 28846
9452 6254 10331
6254 9452 10331
10078 1638 10815
1638 10078 10815
2379 6953 17905
6953 2379 17905
1492 6297 15076
6297 1492 15076
6597 4431 24763
4431 6597 24763
4795 1408 15501
1408 4795 15501
343 851 32272
851 343 32272
1492 2922 8604
2922 1492 8604
6953 8886 7873
8886 6953 7873
1534 4058 17244
4058 1534 17244
7358 8144 12827
8144 7358 12827
10265 959 21803
959 10265 21803
7634 8197 18308
8197 7634 18308
9576 253 2427
253 9576 2427
9572 6000 31176
6000 9572 31176
1534 4421 3366
4421 1534 3366
2578 382 23408
382 2578 23408
2859 8020 29399
8020 2859 29399
3537 304 19897
304 3537 19897
9452 7771 2924
7771 9452 2924
10265 2852 13314
2852 10265 13314
5277 4700 18852
4700 5277 18852
121 3487 29651
3487 121 29651
3239 5771 32372
5771 3239 32372
8494 6881 13763
6881 8494 13763
3159 3850 18639
3850 3159 18639
9432 6858 30178
6858 9432 30178
2447 6010 20184
6010 2447 20184
5140 2695 12930
2695 5140 12930
9576 7340 4004
7340 9576 4004
115 415 32362
415 115 32362
7866 1346 9248
1346 7866 9248
5194 5755 30677
5755 5194 30677
10249 10084 27323
10084 10249 27323
4058 2608 14287
2608 4058 14287
10497 7615 11475
7615 10497 11475
4262 3167 17873
3167 4262 17873
3159 8737 7719
8737 3159 7719
2859 3991 2472
3991 2859 2472
9572 5273 30139
5273 9572 30139
2253 7775 10760
7775 2253 10760
6890 9808 7393
9808 6890 7393
8681 1337 20575
1337 8681 20575
72 1441 23671
1441 72 23671
9432 5839 31427
5839 9432 31427
3774 9267 22898
9267 3774 22898
10497 702 27404
702 10497 27404
2544 2351 26950
2351 2544 26950
305 10339 28288
10339 305 28288
5755 4320 7135
4320 5755 7135
8197 10432 15251
10432 8197 15251
6707 10298 7186
10298 6707 7186
3537 8415 2990
8415 3537 2990
10497 668 2265
668 10497 2265
8045 3506 29948
3506 8045 29948
115 4953 30907
4953 115 30907
7697 6065 27815
6065 7697 27815
7340 6649 17957
6649 7340 17957
10257 148 21522
148 10257 21522
8775 89 24229
89 8775 24229
5771 9692 5101
9692 5771 5101
4599 8573 26696
8573 4599 26696
7837 4164 7742
4164 7837 7742
4190 462 30596
462 4190 30596
2695 8294 19625
8294 2695 19625
7186 564 5494
564 7186 5494
6228 4631 676
4631 6228 676
504 1487 18790
1487 504 18790
2253 10340 21344
10340 2253 21344
10078 7575 2493
7575 10078 2493
421 1528 14719
1528 421 14719
1088 10364 14336
10364 1088 14336
1534 3796 17143
3796 1534 17143
740 4414 26733
4414 740 26733
10340 1072 32185
1072 10340 32185
305 6995 317
6995 305 317
415 1244 489
1244 415 489
564 2452 1738
2452 564 1738
7186 6839 15566
6839 7186 15566
10484 9699 259
9699 10484 259
1346 1554 11206
1554 1346 11206
382 5242 7156
5242 382 7156
4795 1243 6369
1243 4795 6369
1441 7376 18504
7376 1441 18504
1785 2971 13039
2971 1785 13039
4953 6734 533
6734 4953 533
5118 6079 6431
6079 5118 6431
7697 3751 21333
3751 7697 21333
10304 4201 13967
4201 10304 13967
7771 1771 29900
1771 7771 29900
10339 8102 9299
8102 10339 9299
4339 4611 27481
4611 4339 27481
871 6175 18652
6175 871 18652
1088 724 30938
724 1088 30938
4700 8816 8650
8816 4700 8650
3850 2417 32560
2417 3850 32560
3821 10006 8591
10006 3821 8591
5245 9981 22794
9981 5245 22794
8045 2948 23657
2948 8045 23657
7235 4944 32628
4944 7235 32628
1785 7573 30880
7573 1785 30880
10257 3754 25701
3754 10257 25701
8020 4799 1036
4799 8020 1036
72 6780 2501
6780 72 2501
72 7597 1350
7597 72 1350
8573 2844 22935
2844 8573 22935
4421 5117 26912
5117 4421 26912
8601 4988 28500
4988 8601 28500
9452 5267 23854
5267 9452 23854
1809 3080 11163
3080 1809 11163
9354 8997 20099
8997 9354 20099
7597 10490 25269
10490 7597 25269
6927 9810 12282
9810 6927 12282
415 489 2989
489 415 2989
2417 8921 28059
8921 2417 28059
4711 6914 22758
6914 4711 22758
421 7872 6908
7872 421 6908
10127 7240 25713
7240 10127 25713
8045 10159 2228
10159 8045 2228
305 7342 27034
7342 305 27034
10497 9568 4403
9568 10497 4403
4421 3866 12894
3866 4421 12894
967 5642 10143
5642 967 10143
8811 7073 15050
7073 8811 15050
5245 7528 4998
7528 5245 4998
10490 826 25969
826 10490 25969
4611 7821 23175
7821 4611 23175
5875 3121 17277
3121 5875 17277
10257 9108 13631
9108 10257 13631
8159 7608 14351
7608 8159 14351
305 8465 7958
8465 305 7958
3121 7370 29143
7370 3121 29143
2844 4363 10442
4363 2844 10442
6175 7170 10041
7170 6175 10041
9354 1509 17352
1509 9354 17352
3506 4608 96
4608 3506 96
7872 4001 20654
4001 7872 20654
10484 10017 30711
10017 10484 30711
1487 8854 25997
8854 1487 25997
4320 724 1685
724 4320 1685
4052 1645 4298
1645 4052 4298
10257 854 30206
854 10257 30206
6914 6895 25509
6895 6914 25509
7771 10251 4276
10251 7771 4276
4608 4028 23508
4028 4608 23508
6542 5894 22435
5894 6542 22435
4611 9683 26040
9683 4611 26040
5194 9130 19139
9130 5194 19139
3818 7942 14607
7942 3818 14607
6858 3 29443
3 6858 29443
8045 9880 20533
9880 8045 20533
5267 8501 2785
8501 5267 2785
815 6895 15948
6895 815 15948
4414 9260 12403
9260 4414 12403
4339 1479 17132
1479 4339 17132
8294 9498 18129
9498 8294 18129
4953 10289 14883
10289 4953 14883
2076 1751 26149
1751 2076 26149
6895 7170 32237
7170 6895 32237
113 6040 16579
6040 113 16579
826 8488 2673
8488 826 2673
9699 1981 2331
1981 9699 2331
7634 2613 18594
2613 7634 18594
6927 10405 30565
10405 6927 30565
6895 3038 23316
3038 6895 23316
1403 8102 24401
8102 1403 24401
3 5040 14122
5040 3 14122
10364 1537 9514
1537 10364 9514
7544 1000 18661
1000 7544 18661
10484 854 7973
854 10484 7973
1534 420 27128
420 1534 27128
6862 4628 23256
4628 6862 23256
2844 1986 9462
1986 2844 9462
7528 1224 10249
1224 7528 10249
668 5980 9132
5980 668 9132
815 3246 343
3246 815 343
3159 4519 21516
4519 3159 21516
7597 8425 16492
8425 7597 16492
1243 10127 20785
10127 1243 20785
6542 9951 20152
9951 6542 20152
7942 787 1631
787 7942 1631
1638 6535 1253
6535 1638 1253
1771 7380 24599
7380 1771 24599
7872 421 31364
421 7872 31364
5980 2941 17296
2941 5980 17296
9981 5370 29857
5370 9981 29857
8415 3076 32562
3076 8415 32562
2578 6214 15686
6214 2578 15686
9886 3823 1771
3823 9886 1771
6734 2707 18190
2707 6734 18190
1785 4630 9587
4630 1785 9587
8501 5646 26458
5646 8501 26458
1479 3705 26589
3705 1479 26589
4649 8948 30408
8948 4649 30408
2447 7752 31493
7752 2447 31493
5245 4266 6903
4266 5245 6903
9880 8165 2743
8165 9880 2743
9792 896 11715
896 9792 11715
3167 4010 171
4010 3167 171
3850 6213 30074
6213 3850 30074
4262 1851 21924
1851 4262 21924
8573 9171 32442
9171 8573 32442
270 8879 4440
8879 270 4440
4052 8883 13301
8883 4052 13301
2859 6185 9704
6185 2859 9704
5337 9972 6103
9972 5337 6103
9498 10294 6672
10294 9498 6672
6535 5243 7927
5243 6535 7927
72 10316 347
10316 72 347
10078 6090 23202
6090 10078 23202
10234 7334 9213
7334 10234 9213
4052 1018 18845
1018 4052 18845
6895 8482 36
8482 6895 36
19 6828 1327
6828 19 1327
708 1113 3284
1113 708 3284
10257 7205 28633
7205 10257 28633
6839 867 27321
867 6839 27321
8144 3468 22658
3468 8144 22658
9108 107 2410
107 9108 2410
8159 77 1
77 8159 1
6040 3101 18454
3101 6040 18454
5142 2102 26693
2102 5142 26693
7334 4835 20113
4835 7334 20113
9808 7369 7066
7369 9808 7066
2234 6671 22588
6671 2234 22588
5646 405 32686
405 5646 32686
8262 7361 31800
7361 8262 31800
2076 1968 7013
1968 2076 7013
1809 6601 14060
6601 1809 14060
10298 9590 18345
9590 10298 18345
3774 3305 9923
3305 3774 9923
1537 7750 25258
7750 1537 25258
8811 210 8868
210 8811 8868
10249 3744 6733
3744 10249 6733
7782 4463 6822
4463 7782 6822
3823 249 3524
249 3823 3524
4363 9242 9178
9242 4363 9178
10084 5315 12157
5315 10084 12157
2452 3972 13895
3972 2452 13895
8029 10203 18413
10203 8029 18413
9108 4034 4215
4034 9108 4215
249 800 3805
800 249 3805
10339 1680 30229
1680 10339 30229
3972 9585 21578
9585 3972 21578
7775 4889 10134
4889 7775 10134
6065 5705 29431
5705 6065 29431
815 2401 3812
2401 815 3812
6065 653 5689
653 6065 5689
1785 3640 16765
3640 1785 16765
8775 8186 2477
8186 8775 2477
5312 4355 12940
4355 5312 12940
10289 6200 9433
6200 10289 9433
6734 4241 20444
4241 6734 20444
7872 4679 15842
4679 7872 15842
3751 9872 23233
9872 3751 23233
343 4243 13786
4243 343 13786
5755 5747 10820
5747 5755 10820
1528 4871 30307
4871 1528 30307
871 5898 13875
5898 871 13875
5771 1696 27527
1696 5771 27527
3159 257 25321
257 3159 25321
531 3569 30235
3569 531 30235
531 6407 5097
6407 531 5097
249 539 21008
539 249 21008
5277 7221 8092
7221 5277 8092
702 9973 18806
9973 702 18806
1534 8877 26841
8877 1534 26841
6881 3374 6172
3374 6881 6172
4058 1262 13058
1262 4058 13058
1638 9117 27925
9117 1638 27925
113 4782 19404
4782 113 19404
2452 10229 20110
10229 2452 20110
5708 3138 29209
3138 5708 29209
6953 5509 6579
5509 6953 6579
8165 2838 881
2838 8165 881
107 3630 15255
3630 107 15255
2452 16 493
16 2452 493
77 9784 24919
9784 77 24919
4164 1203 703
1203 4164 703
9117 3429 3324
3429 9117 3324
2102 1221 6550
1221 2102 6550
9810 1292 2491
1292 9810 2491
6065 6404 28559
6404 6065 28559
2859 3774 30120
3774 2859 30120
8883 10147 29813
10147 8883 29813
2806 1568 20475
1568 2806 20475
596 5333 3960
5333 596 3960
3823 260 628
260 3823 628
5277 1917 28846
1917 5277 28846
3991 2052 385
2052 3991 385
1568 8842 14061
8842 1568 14061
9171 6752 12852
6752 9171 12852
10234 6102 5608
6102 10234 5608
7170 1865 5679
1865 7170 5679
8165 7435 5781
7435 8165 5781
9354 6157 7430
6157 9354 7430
9354 1066 67
1066 9354 67
1203 2170 14286
2170 1203 14286
1692 2671 746
2671 1692 746
5040 6987 14038
6987 5040 14038
854 3949 27546
3949 854 27546
5333 3994 25270
3994 5333 25270
9242 44 4629
44 9242 4629
10364 114 31029
114 10364 31029
3246 403 23290
403 3246 23290
7073 4303 3006
4303 7073 3006
4190 414 11272
414 4190 11272
2583 10105 91
10105 2583 91
3239 4977 6241
4977 3239 6241
9890 6063 30566
6063 9890 30566
7170 2614 26844
2614 7170 26844
787 9254 26489
9254 787 26489
4401 1058 2235
1058 4401 2235
10432 2361 11843
2361 10432 11843
3305 8406 22891
8406 3305 22891
10265 8744 28740
8744 10265 28740
6953 332 4121
332 6953 4121
6780 3047 15018
3047 6780 15018
7221 3626 5681
3626 7221 5681
2544 10370 16830
10370 2544 16830
1554 1972 563
1972 1554 563
6404 2642 7071
2642 6404 7071
8029 2745 12383
2745 8029 12383
4871 2202 19014
2202 4871 19014
1615 1167 23328
1167 1615 23328
3537 7621 6399
7621 3537 6399
8816 236 24896
236 8816 24896
1917 9283 4322
9283 1917 4322
19 1916 15443
1916 19 15443
10084 726 25836
726 10084 25836
6734 9599 5073
9599 6734 5073
1018 391 458
391 1018 458
1113 3614 27096
3614 1113 27096
4608 4529 13945
4529 4608 13945
9808 7302 9371
7302 9808 9371
8102 2152 569
2152 8102 569
2076 6094 17360
6094 2076 17360
6987 7399 18838
7399 6987 18838
10405 9538 29650
9538 10405 29650
1568 6088 22383
6088 1568 22383
6858 6033 30762
6033 6858 30762
2873 8967 28733
8967 2873 28733
3705 6916 9651
6916 3705 9651
9432 7719 11530
7719 9432 11530
121 3270 26787
3270 121 26787
7370 10379 8413
10379 7370 8413
2200 1857 11546
1857 2200 11546
5142 10541 18054
10541 5142 18054
7621 7812 256
7812 7621 256
3994 3509 11782
3509 3994 11782
4241 5207 31842
5207 4241 31842
3796 4359 10257
4359 3796 10257
1917 833 31113
833 1917 31113
10006 1290 4950
1290 10006 4950
10265 4543 30849
4543 10265 30849
6535 2726 17043
2726 6535 17043
10298 9173 16840
9173 10298 16840
4164 2094 930
2094 4164 930
3818 5476 2658
5476 3818 2658
3972 5557 28412
5557 3972 28412
6707 5249 3971
5249 6707 3971
6734 5442 9320
5442 6734 9320
1346 2851 27269
2851 1346 27269
4266 2507 17616
2507 4266 17616
6033 8762 19958
8762 6033 19958
9538 9420 8821
9420 9538 8821
10298 6516 725
6516 10298 725
4631 1425 6129
1425 4631 6129
114 923 26965
923 114 26965
1631 2149 3025
2149 1631 3025
1425 9048 713
9048 1425 713
10127 8821 10667
8821 10127 10667
8186 1098 12929
1098 8186 12929
6953 6487 6899
6487 6953 6899
332 1300 445
1300 332 445
2575 512 22789
512 2575 22789
1615 970 22280
970 1615 22280
6090 6008 24353
6008 6090 24353
6601 4909 19345
4909 6601 19345
2695 2581 24133
2581 2695 24133
923 9442 10594
9442 923 10594
6094 9361 28199
9361 6094 28199
8886 3444 13187
3444 8886 13187
6487 7418 24004
7418 6487 24004
6065 2636 13674
2636 6065 13674
3374 2548 2876
2548 3374 2876
8186 1700 2377
1700 8186 2377
8165 3626 24052
3626 8165 24052
6987 3360 23834
3360 6987 23834
8816 6781 28465
6781 8816 28465
2922 5098 3187
5098 2922 3187
5509 2716 27822
2716 5509 27822
8465 5217 31115
5217 8465 31115
4628 8342 7643
8342 4628 7643
9267 7093 31230
7093 9267 31230
8165 4605 32704
4605 8165 32704
2608 1913 15403
1913 2608 15403
10405 6017 29890
6017 10405 29890
7221 5599 4155
5599 7221 4155
9757 8245 23734
8245 9757 23734
5599 3041 19519
3041 5599 19519
3972 2033 24329
2033 3972 24329
9590 3306 9442
3306 9590 9442
5708 4488 5095
4488 5708 5095
3751 2004 23708
2004 3751 23708
8879 6905 23200
6905 8879 23200
6890 10318 10610
10318 6890 10610
3626 1418 23235
1418 3626 23235
72 10437 13729
10437 72 13729
10159 4312 15016
4312 10159 15016
6102 9970 14795
9970 6102 14795
9442 5624 20827
5624 9442 20827
6535 9950 28536
9950 6535 28536
6752 7717 21286
7717 6752 21286
787 10250 4365
10250 787 4365
813 708 32561
708 813 32561
3626 779 22668
779 3626 22668
1476 6599 31211
6599 1476 31211
10412 4928 178
4928 10412 178
7170 6464 4929
6464 7170 4929
7370 4791 17485
4791 7370 17485
6010 5064 2243
5064 6010 2243
6040 1862 17897
1862 6040 17897
9538 7774 13135
7774 9538 13135
2583 7461 15906
7461 2583 15906
4421 4218 19676
4218 4421 19676
9973 8108 22838
8108 9973 22838
10298 3079 26226
3079 10298 26226
4243 10002 23727
10002 4243 23727
1262 7961 3960
7961 1262 3960
10412 9917 5191
9917 10412 5191
6079 6250 26336
6250 6079 26336
4241 10457 12616
10457 4241 12616
3218 1074 9174
1074 3218 9174
2417 9375 18968
9375 2417 18968
8842 10023 26363
10023 8842 26363
7634 5143 4020
5143 7634 4020
1441 6019 9820
6019 1441 9820
9981 10394 11593
10394 9981 11593
512 9548 5532
9548 512 5532
7249 1040 10790
1040 7249 10790
4218 10309 22793
10309 4218 22793
1244 2200 8382
2200 1244 8382
4028 2239 28063
2239 4028 28063
942 9170 15736
9170 942 15736
9109 8247 18714
8247 9109 18714
967 10495 20088
10495 967 20088
7461 6844 7342
6844 7461 7342
5098 7289 18857
7289 5098 18857
8737 1308 10747
1308 8737 10747
724 2604 8370
2604 724 8370
4521 7376 3409
7376 4521 3409
415 4003 4761
4003 415 4761
1292 1751 4464
1751 1292 4464
1645 3120 31039
3120 1645 31039
3774 4806 24630
4806 3774 24630
8886 1205 25858
1205 8886 25858
6597 1173 259
1173 6597 259
826 2111 17186
2111 826 17186
1645 9985 24765
9985 1645 24765
9572 1213 23482
1213 9572 23482
4630 8139 26800
8139 4630 26800
8681 6071 14959
6071 8681 14959
5118 5450 16583
5450 5118 16583
9106 5898 8487
5898 9106 8487
8816 5473 3790
5473 8816 3790
4806 10302 1632
10302 4806 1632
4521 1900 10175
1900 4521 10175
7376 10282 26882
10282 7376 26882
10464 5967 2368
5967 10464 2368
89 5904 443
5904 89 443
2544 4478 24808
4478 2544 24808
1088 8627 7759
8627 1088 7759
1638 2422 13277
2422 1638 13277
10159 552 19810
552 10159 19810
4605 65 13544
65 4605 13544
260 5763 411
5763 260 411
531 5872 20508
5872 531 20508
1018 6460 2363
6460 1018 2363
4190 7818 14996
7818 4190 14996
4889 8364 13176
8364 4889 13176
10282 668 14851
668 10282 14851
1300 7486 20290
7486 1300 20290
4421 7616 11006
7616 4421 11006
2202 8859 26422
8859 2202 26422
343 7988 24144
7988 343 24144
8775 10272 19691
10272 8775 19691
4414 521 1212
521 4414 1212
3120 10520 14819
10520 3120 14819
10282 8945 24041
8945 10282 24041
1300 7432 5821
7432 1300 5821
10309 8593 2682
8593 10309 2682
6228 10371 27012
10371 6228 27012
9590 3505 2689
3505 9590 2689
7170 341 4651
341 7170 4651
121 10269 26818
10269 121 26818
5450 4669 26772
4669 5450 26772
9699 3110 10379
3110 9699 10379
8816 1841 4533
1841 8816 4533
10464 3887 3850
3887 10464 3850
3506 7749 2492
7749 3506 2492
4034 3539 8803
3539 4034 8803
341 9224 32575
9224 341 32575
5898 8377 2046
8377 5898 2046
5852 9317 16340
9317 5852 16340
6254 1746 6330
1746 6254 6330
6828 3912 12464
3912 6828 12464
1771 4726 23823
4726 1771 23823
6535 6316 11802
6316 6535 11802
2922 2984 31810
2984 2922 31810
9880 7290 17102
7290 9880 17102
7608 4854 20795
4854 7608 20795
3487 3965 1201
3965 3487 1201
8554 9757 7323
9757 8554 7323
7634 591 5721
591 7634 5721
6040 1882 32542
1882 6040 32542
2745 6104 25948
6104 2745 25948
9590 213 22652
213 9590 22652
867 1087 19301
1087 867 19301
4795 9185 9785
9185 4795 9785
1981 10295 19579
10295 1981 19579
564 7268 23333
7268 564 23333
1851 110 22268
110 1851 22268
8821 1249 13185
1249 8821 13185
4669 732 14917
732 4669 14917
3468 753 4867
753 3468 4867
7268 5872 3828
5872 7268 3828
7942 9321 20778
9321 7942 20778
9300 9066 6214
9066 9300 6214
3919 5721 19876
5721 3919 19876
8262 5263 18445
5263 8262 18445
6516 2694 2485
2694 6516 2485
7774 5201 5916
5201 7774 5916
9585 8679 9438
8679 9585 9438
10298 6826 25166
6826 10298 25166
4241 9924 18999
9924 4241 18999
6228 1262 109
1262 6228 109
6601 9922 10554
9922 6601 10554
1244 8785 24480
8785 1244 24480
9254 1335 20460
1335 9254 20460
8762 7971 14635
7971 8762 14635
1509 9447 30118
9447 1509 30118
1290 7903 24747
7903 1290 24747
2806 9001 19707
9001 2806 19707
8245 995 28684
995 8245 28684
9886 3655 6235
3655 9886 6235
6881 3864 9200
3864 6881 9200
724 1669 20618
1669 724 20618
8679 945 13379
945 8679 13379
4977 3380 32011
3380 4977 32011
7342 1235 25383
1235 7342 25383
9970 5573 15877
5573 9970 15877
1631 9129 28803
9129 1631 28803
7418 871 17487
871 7418 17487
6844 2793 10970
2793 6844 10970
7249 2553 24490
2553 7249 24490
6895 5599 1589
5599 6895 1589
6157 3509 13391
3509 6157 13391
9171 8766 2113
8766 9171 2113
2859 5592 24664
5592 2859 24664
10078 8376 1271
8376 10078 1271
489 5586 11954
5586 489 11954
3167 5552 10592
5552 3167 10592
10302 2971 14488
2971 10302 14488
6104 1990 14936
1990 6104 14936
9447 357 22472
357 9447 22472
9981 9727 19295
9727 9981 19295
10147 9895 23276
9895 10147 23276
1669 2375 5586
2375 1669 5586
77 1998 23285
1998 77 23285
9810 5564 4905
5564 9810 4905
2768 3483 11094
3483 2768 11094
4529 2976 7432
2976 4529 7432
3483 9829 30816
9829 3483 30816
4649 6677 11335
6677 4649 11335
8681 90 3628
90 8681 3628
2642 2759 27713
2759 2642 27713
8554 2388 18396
2388 8554 18396
1751 2639 18942
2639 1751 18942
7418 234 6682
234 7418 6682
3374 7967 32547
7967 3374 32547
6516 599 23830
599 6516 23830
5763 1077 26278
1077 5763 26278
5509 4781 14711
4781 5509 14711
4611 1479 15795
1479 4611 15795
4543 5522 14591
5522 4543 14591
2671 4113 23885
4113 2671 23885
854 1727 18124
1727 854 18124
421 6661 2444
6661 421 2444
329 643 13436
643 329 13436
7575 857 14732
857 7575 14732
3866 8481 28834
8481 3866 28834
4414 2239 18270
2239 4414 18270
3751 8297 20556
8297 3751 20556
4977 2668 22951
2668 4977 22951
9757 533 28811
533 9757 28811
1479 843 8362
843 1479 8362
1201 3460 5689
3460 1201 5689
2668 7581 16107
7581 2668 16107
521 6075 24946
6075 521 24946
2614 7016 31164
7016 2614 31164
10017 5102 30593
5102 10017 30593
2388 5615 10308
5615 2388 10308
4421 8794 16679
8794 4421 16679
10265 5772 22504
5772 10265 22504
2695 8985 21638
8985 2695 21638
2806 1714 21277
1714 2806 21277
945 1681 26917
1681 945 26917
2581 2960 13320
2960 2581 13320
9880 7659 6581
7659 9880 6581
7988 958 32380
958 7988 32380
90 9904 2726
9904 90 2726
8737 6361 30004
6361 8737 30004
3506 135 7603
135 3506 7603
3821 8381 3165
8381 3821 3165
1205 1234 31208
1234 1205 31208
9354 4969 4035
4969 9354 4035
603 8125 11470
8125 603 11470
4854 5406 23885
5406 4854 23885
3080 4797 21697
4797 3080 21697
6040 10069 1154
10069 6040 1154
343 9587 28066
9587 343 28066
6734 3064 16970
3064 6734 16970
8821 8989 20576
8989 8821 20576
2636 8920 15411
8920 2636 15411
341 10533 2826
10533 341 2826
3864 7003 8410
7003 3864 8410
1058 7997 14949
7997 1058 14949
6157 7865 31561
7865 6157 31561
113 4763 20297
4763 113 20297
9950 5181 9578
5181 9950 9578
7461 9478 31012
9478 7461 31012
6542 8216 27105
8216 6542 27105
591 8089 7288
8089 591 7288
421 244 8168
244 421 8168
7581 8333 5941
8333 7581 5941
702 3679 27651
3679 702 27651
1766 8700 28210
8700 1766 28210
8108 5120 26275
5120 8108 26275
8165 439 9791
439 8165 9791
7608 4519 17945
4519 7608 17945
3506 579 20606
579 3506 20606
5243 3883 23393
3883 5243 23393
9886 271 1285
271 9886 1285
10289 10328 18863
10328 10289 18863
7093 43 30716
43 7093 30716
1235 2740 28353
2740 1235 28353
10105 8587 21681
8587 10105 21681
2149 9126 1644
9126 2149 1644
6464 623 26451
623 6464 26451
9442 9032 15827
9032 9442 15827
1113 8955 10591
8955 1113 10591
4529 6536 15184
6536 4529 15184
2971 5935 19930
5935 2971 19930
72 10402 9717
10402 72 9717
668 6803 16876
6803 668 16876
2694 3179 1071
3179 2694 1071
4791 1199 2948
1199 4791 2948
9951 613 27376
613 9951 27376
9171 10330 21248
10330 9171 21248
724 2039 32621
2039 724 32621
10234 7923 1553
7923 10234 1553
8601 1368 19283
1368 8601 19283
2583 7043 12633
7043 2583 12633
6000 7088 26618
7088 6000 26618
7775 1449 15218
1449 7775 15218
4414 1730 7950
1730 4414 7950
10328 8826 26457
8826 10328 26457
7697 208 24464
208 7697 24464
10370 5414 15739
5414 10370 15739
8482 3094 23633
3094 8482 23633
3823 10211 466
10211 3823 466
8587 5619 25900
5619 8587 25900
4806 69 720
69 4806 720
9171 9232 7846
9232 9171 7846
3751 4448 8208
4448 3751 8208
332 5812 13258
5812 332 13258
10002 2445 14601
2445 10002 14601
3679 4512 3149
4512 3679 3149
8216 9280 4904
9280 8216 4904
341 4422 1380
4422 341 1380
4401 3681 1063
3681 4401 1063
5263 7831 13783
7831 5263 13783
9232 9375 6271
9375 9232 6271
779 8966 30252
8966 779 30252
4599 10381 22331
10381 4599 22331
5573 2529 19461
2529 5573 19461
332 2027 31644
2027 332 31644
10340 10031 1032
10031 10340 1032
2639 4735 21075
4735 2639 21075
2694 4210 18402
4210 2694 18402
304 10436 11058
10436 304 11058
5872 7902 26189
7902 5872 26189
2039 6388 20904
6388 2039 20904
415 2980 24862
2980 415 24862
3306 9479 3432
9479 3306 3432
4359 3416 14784
3416 4359 14784
10295 10068 6661
10068 10295 6661
6063 5696 28333
5696 6063 28333
9890 10444 8043
10444 9890 8043
6707 1112 15561
1112 6707 15561
2851 6447 20090
6447 2851 20090
2614 1515 3488
1515 2614 3488
6661 5677 11318
5677 6661 11318
8821 5389 6137
5389 8821 6137
2613 2185 6978
2185 2613 6978
4711 4164 10819
4164 4711 10819
5565 4537 9887
4537 5565 9887
10484 2084 28350
2084 10484 28350
3444 8659 16880
8659 3444 16880
1000 7019 18295
7019 1000 18295
6094 7258 29349
7258 6094 29349
3505 2227 13412
2227 3505 13412
405 3099 29408
3099 405 29408
4763 5076 8272
5076 4763 8272
8659 4083 10745
4083 8659 10745
5406 5414 335
5414 5406 335
8744 1783 8157
1783 8744 8157
3306 9276 32754
9276 3306 32754
6000 3453 10186
3453 6000 10186
9232 1581 25719
1581 9232 25719
1479 2765 13326
2765 1479 13326
3120 763 27559
763 3120 27559
6803 3523 26580
3523 6803 26580
9001 645 27939
645 9001 27939
4034 9349 23846
9349 4034 23846
4339 3771 31557
3771 4339 31557
10203 1148 1194
1148 10203 1194
3246 8471 26857
8471 3246 26857
4735 8883 20939
8883 4735 20939
1771 3112 31678
3112 1771 31678
708 792 24899
792 708 24899
7902 2702 4581
2702 7902 4581
9880 2095 16710
2095 9880 16710
970 9721 14344
9721 970 14344
843 8339 7778
8339 843 7778
1300 8 26358
8 1300 26358
958 1548 7238
1548 958 7238
5076 1071 23894
1071 5076 23894
7073 6026 18821
6026 7073 18821
2636 4244 14929
4244 2636 14929
135 1995 12508
1995 135 12508
10394 5207 4742
5207 10394 4742
121 9346 5640
9346 121 5640
2548 917 30315
917 2548 30315
6542 9400 6062
9400 6542 6062
6536 167 27795
167 6536 27795
1751 6564 16797
6564 1751 16797
7837 962 20454
962 7837 20454
7750 10408 16971
10408 7750 16971
10234 7890 20868
7890 10234 20868
4763 4716 10195
4716 4763 10195
7581 4660 11390
4660 7581 11390
2388 1774 18409
1774 2388 18409
9232 1288 28092
1288 9232 28092
3239 3934 4987
3934 3239 4987
917 710 7326
710 917 7326
9375 5444 25073
5444 9375 25073
8481 4669 8504
4669 8481 8504
3468 631 2391
631 3468 2391
613 6655 2880
6655 613 2880
1981 10027 12236
10027 1981 12236
8785 1241 26886
1241 8785 26886
5763 696 30729
696 5763 30729
4628 7868 16393
7868 4628 16393
10250 8391 19948
8391 10250 19948
5624 368 265
368 5624 265
3919 8304 31034
8304 3919 31034
8376 10146 4005
10146 8376 4005
90 9142 3100
9142 90 3100
8821 1027 14826
1027 8821 14826
9829 9641 4104
9641 9829 4104
958 1458 22111
1458 958 22111
1000 5042 20235
5042 1000 20235
3179 5254 16225
5254 3179 16225
7376 9445 4277
9445 7376 4277
9375 5470 6403
5470 9375 6403
7380 10343 26903
10343 7380 26903
3934 6691 19109
6691 3934 19109
9721 1274 7565
1274 9721 7565
3705 9243 26615
9243 3705 26615
3614 533 30294
533 3614 30294
9346 2576 32048
2576 9346 32048
1300 7115 25880
7115 1300 25880
3821 5320 24728
5320 3821 24728
1262 5497 2026
5497 1262 2026
1554 2957 24504
2957 1554 24504
9349 9671 3457
9671 9349 3457
9479 4398 26834
4398 9479 26834
962 6920 10885
6920 962 10885
5599 641 16745
641 5599 16745
6953 5063 31044
5063 6953 31044
9243 2024 258
2024 9243 258
8948 5178 22659
5178 8948 22659
9917 8455 27111
8455 9917 27111
9375 10222 30451
10222 9375 30451
7902 7903 2893
7903 7902 2893
917 1413 28178
1413 917 28178
8859 7298 30525
7298 8859 30525
8883 929 4959
929 8883 4959
9452 3526 3529
3526 9452 3529
9267 109 26879
109 9267 26879
591 8507 23504
8507 591 23504
257 1910 5619
1910 257 5619
5721 3958 23471
3958 5721 23471
113 505 27489
505 113 27489
8997 2455 4508
2455 8997 4508
5497 5896 27608
5896 5497 27608
4660 4508 19831
4508 4660 19831
1746 10528 10970
10528 1746 10970
7997 8577 6693
8577 7997 6693
10490 9358 18963
9358 10490 18963
2765 4848 9957
4848 2765 9957
5337 9813 9987
9813 5337 9987
6102 9366 20752
9366 6102 20752
6000 9048 18185
9048 6000 18185
2984 5087 30022
5087 2984 30022
8294 3169 2321
3169 8294 2321
3751 619 25855
619 3751 25855
6734 1117 27471
1117 6734 27471
9981 1755 23019
1755 9981 23019
8294 7138 6348
7138 8294 6348
4969 5105 4785
5105 4969 4785
6542 4291 17847
4291 6542 17847
1117 6912 31974
6912 1117 31974
4795 9364 29362
9364 4795 29362
9585 3341 32345
3341 9585 32345
929 5648 20119
5648 929 20119
7258 7544 9219
7544 7258 9219
1213 1839 27494
1839 1213 27494
4988 2049 18237
2049 4988 18237
1680 8448 9818
8448 1680 9818
2576 7026 10761
7026 2576 10761
5273 6897 19550
6897 5273 19550
2759 671 12690
671 2759 12690
8681 3847 31564
3847 8681 31564
5249 8543 21042
8543 5249 21042
7749 6732 21964
6732 7749 21964
7043 1360 663
1360 7043 663
5087 1496 8866
1496 5087 8866
1487 4413 13287
4413 1487 13287
9587 450 12748
450 9587 12748
1692 8575 27376
8575 1692 27376
2614 9302 12488
9302 2614 12488
1981 9624 15040
9624 1981 15040
4795 8255 17614
8255 4795 17614
854 4428 6980
4428 854 6980
1087 6363 7406
6363 1087 7406
9353 1230 30394
1230 9353 30394
6316 871 1862
871 6316 1862
5087 7758 24345
7758 5087 24345
871 8599 15316
8599 871 15316
8045 5857 14522
5857 8045 14522
10432 6097 21650
6097 10432 21650
9452 8457 23022
8457 9452 23022
1221 4587 7637
4587 1221 7637
9353 179 14146
179 9353 14146
1865 9508 23339
9508 1865 23339
9032 10401 17049
10401 9032 17049
6040 773 7218
773 6040 7218
10249 4157 14193
4157 10249 14193
114 960 6672
960 114 6672
1968 5005 14563
5005 1968 14563
7249 942 8607
942 7249 8607
671 8257 30272
8257 671 30272
787 7935 5998
7935 787 5998
4669 2192 4449
2192 4669 4449
5564 9073 31251
9073 5564 31251
7170 4257 19963
4257 7170 19963
9941 6205 15507
6205 9941 15507
7821 308 13205
308 7821 13205
2673 14 13771
14 2673 13771
5599 3232 21501
3232 5599 21501
9109 2069 788
2069 9109 788
4243 2168 26181
2168 4243 26181
3110 10031 27551
10031 3110 27551
1360 5191 27311
5191 1360 27311
5217 9581 24380
9581 5217 24380
110 5467 9753
5467 110 9753
5708 4074 26249
4074 5708 26249
10401 891 962
891 10401 962
4806 6132 5048
6132 4806 5048
405 6938 25211
6938 405 25211
3887 6456 2674
6456 3887 2674
1492 1598 3755
1598 1492 3755
7775 6202 23169
6202 7775 23169
7961 8839 15531
8839 7961 15531
14 116 31807
116 14 31807
5315 2946 20319
2946 5315 20319
9581 1200 3848
1200 9581 3848
89 2587 9504
2587 89 9504
7615 10279 22811
10279 7615 22811
9808 5205 6479
5205 9808 6479
7697 1233 17832
1233 7697 17832
1098 3774 29478
3774 1098 29478
5467 5827 2310
5827 5467 2310
7221 10026 10918
10026 7221 10918
4001 7984 31816
7984 4001 31816
3360 308 21173
308 3360 21173
4854 10030 30878
10030 4854 30878
6881 3749 9154
3749 6881 9154
5592 2883 20558
2883 5592 20558
1839 8778 9358
8778 1839 9358
9321 4961 17964
4961 9321 17964
9757 9722 22255
9722 9757 22255
8391 8304 26060
8304 8391 26060
4201 6050 11420
6050 4201 11420
8601 10049 11761
10049 8601 11761
4113 9463 27754
9463 4113 27754
8255 5383 27621
5383 8255 27621
6316 1740 10889
1740 6316 10889
5705 5228 16818
5228 5705 16818
1809 3454 5781
3454 1809 5781
1865 3519 27263
3519 1865 27263
6079 1077 14494
1077 6079 14494
708 7287 14209
7287 708 14209
10444 6231 21110
6231 10444 21110
5105 5253 17711
5253 5105 17711
8216 8133 3295
8133 8216 3295
7170 5223 23501
5223 7170 23501
4953 2710 28789
2710 4953 28789
851 9729 8033
9729 851 8033
1224 1891 30822
1891 1224 30822
9895 9358 29356
9358 9895 29356
450 6281 24918
6281 450 24918
5263 10154 3526
10154 5263 3526
415 10348 16639
10348 415 16639
1862 1784 5223
1784 1862 5223
779 2294 884
2294 779 884
854 5324 16643
5324 854 16643
7634 7941 12549
7941 7634 12549
8257 6709 20806
6709 8257 20806
7719 5523 27711
5523 7719 27711
6407 1224 5526
1224 6407 5526
8159 4508 31100
4508 8159 31100
9117 1609 10397
1609 9117 10397
3919 6661 27127
6661 3919 27127
5063 733 13579
733 5063 13579
110 5334 17006
5334 110 17006
6487 8274 7958
8274 6487 7958
9302 7389 14761
7389 9302 14761
1900 5109 13407
5109 1900 13407
1727 3477 1417
3477 1727 1417
7903 6313 64
6313 7903 64
4543 5680 11626
5680 4543 11626
1916 9570 23476
9570 1916 23476
8501 3689 3833
3689 8501 3833
3689 10156 5976
10156 3689 5976
6019 647 16083
647 6019 16083
1087 4953 822
4953 1087 822
9106 3241 16515
3241 9106 16515
5207 10011 27478
10011 5207 27478
9447 8023 18876
8023 9447 18876
9498 47 12621
47 9498 12621
591 4402 29410
4402 591 29410
3887 704 19003
704 3887 19003
7903 513 27452
513 7903 27452
5042 4082 26115
4082 5042 26115
5087 2703 4454
2703 5087 4454
9353 3108 12185
3108 9353 12185
2084 5164 16608
5164 2084 16608
4448 7979 16311
7979 4448 16311
2695 3833 19402
3833 2695 19402
9254 655 21091
655 9254 21091
10127 6754 1066
6754 10127 1066
2984 178 25858
178 2984 25858
942 7298 31316
7298 942 31316
1077 3711 26101
3711 1077 26101
6661 153 15948
153 6661 15948
1746 6034 24553
6034 1746 24553
5040 4813 4147
4813 5040 4147
7093 4044 23142
4044 7093 23142
4791 275 4133
275 4791 4133
10405 5886 22084
5886 10405 22084
4587 4256 14356
4256 4587 14356
7528 10074 10252
10074 7528 10252
107 5433 19067
5433 107 19067
8209 2707 19310
2707 8209 19310
9073 10333 30469
10333 9073 30469
10031 6272 29264
6272 10031 29264
8575 9988 21114
9988 8575 21114
833 8639 22318
8639 833 22318
512 9773 29070
9773 512 29070
10333 7432 3508
7432 10333 3508
1241 1452 3693
1452 1241 3693
8639 705 32228
705 8639 32228
1112 1390 12045
1390 1112 12045
6079 248 13601
248 6079 13601
5320 788 22202
788 5320 22202
7818 4323 5622
4323 7818 5622
9375 7695 30546
7695 9375 30546
6953 10399 31349
10399 6953 31349
6987 5941 10019
5941 6987 10019
1972 949 26236
949 1972 26236
6447 5226 9851
5226 6447 9851
3094 10371 15948
10371 3094 15948
3306 3291 3131
3291 3306 3131
655 7467 27435
7467 655 27435
10333 9746 4880
9746 10333 4880
5872 7913 15118
7913 5872 15118
167 813 2342
813 167 2342
4961 10184 27007
10184 4961 27007
4529 6733 25186
6733 4529 25186
5904 6518 28472
6518 5904 28472
4969 2049 29076
2049 4969 29076
7003 476 17196
476 7003 17196
9548 4676 26400
4676 9548 26400
1645 1014 29423
1014 1645 29423
2759 3952 29695
3952 2759 29695
3689 2731 12741
2731 3689 12741
3291 4936 26170
4936 3291 26170
2361 3802 1217
3802 2361 1217
2049 10214 20515
10214 2049 20515
343 1327 22445
1327 343 22445
1335 2183 24057
2183 1335 24057
179 8374 22973
8374 179 22973
2049 573 30142
573 2049 30142
4660 5553 21054
5553 4660 21054
10234 2673 11103
2673 10234 11103
6231 10379 31926
10379 6231 31926
7831 9259 1929
9259 7831 1929
305 3315 14648
3315 305 14648
2806 4212 10684
4212 2806 10684
9587 4881 18643
4881 9587 18643
4428 10393 32373
10393 4428 32373
1784 6065 14187
6065 1784 14187
5642 47 10385
47 5642 10385
6839 6601 19291
6601 6839 19291
9349 9605 26922
9605 9349 26922
5705 5352 10408
5352 5705 10408
275 3205 21416
3205 275 21416
135 3169 6334
3169 135 6334
9375 410 956
410 9375 956
7621 5495 26852
5495 7621 26852
1327 5120 26995
5120 1327 26995
2984 4185 24806
4185 2984 24806
234 3087 9135
3087 234 9135
857 2085 16557
2085 857 16557
8379 8632 23461
8632 8379 23461
5564 3797 20158
3797 5564 20158
10257 6990 13358
6990 10257 13358
8262 5282 6866
5282 8262 6866
10437 3924 13839
3924 10437 13839
7399 5330 32515
5330 7399 32515
3079 1590 16006
1590 3079 16006
4854 2433 28493
2433 4854 28493
668 401 26556
401 668 26556
2587 4350 6730
4350 2587 6730
3246 5251 15080
5251 3246 15080
5470 5365 3956
5365 5470 3956
1891 1569 19023
1569 1891 19023
8425 4546 24146
4546 8425 24146
9130 3389 9567
3389 9130 9567
2765 5675 16223
5675 2765 16223
2004 9478 923
9478 2004 923
6456 6803 8843
6803 6456 8843
7205 4303 4879
4303 7205 4879
2553 2184 18588
2184 2553 18588
10497 8720 7555
8720 10497 7555
8455 8681 9190
8681 8455 9190
3850 8345 17327
8345 3850 17327
843 8228 29201
8228 843 29201
1865 3 28692
3 1865 28692
1548 6911 9182
6911 1548 9182
10328 6904 27464
6904 10328 27464
7971 23 2352
23 7971 2352
1528 4268 14816
4268 1528 14816
2433 4763 9926
4763 2433 9926
6895 10116 12335
10116 6895 12335
113 6738 26721
6738 113 26721
6911 1094 668
1094 6911 668
6732 351 23892
351 6732 23892
7247 3722 6464
3722 7247 6464
724 655 9900
655 724 9900
4398 8360 9212
8360 4398 9212
9988 7041 1390
7041 9988 1390
5599 732 26716
732 5599 26716
8255 237 23717
237 8255 23717
2613 3154 5326
3154 2613 5326
631 5943 20019
5943 631 20019
3110 8182 7460
8182 3110 7460
2851 7798 10909
7798 2851 10909
564 9944 21077
9944 564 21077
1290 4790 2893
4790 1290 2893
9792 1490 7158
1490 9792 7158
1300 8243 27653
8243 1300 27653
9973 5566 1000
5566 9973 1000
8262 9900 17269
9900 8262 17269
1496 8463 13607
8463 1496 13607
4164 4994 17445
4994 4164 17445
3749 132 13514
132 3749 13514
9232 4732 26182
4732 9232 26182
8304 10190 2178
10190 8304 2178
9611 486 28670
486 9611 28670
2084 6356 16458
6356 2084 16458
5282 650 13638
650 5282 13638
815 9406 257
9406 815 257
7866 2159 2428
2159 7866 2428
1038 251 19486
251 1038 19486
6655 5847 11313
5847 6655 11313
5217 312 25803
312 5217 25803
8216 410 10207
410 8216 10207
3975 7957 27901
7957 3975 27901
9972 4493 29832
4493 9972 29832
3866 5517 13677
5517 3866 13677
1771 572 2411
572 1771 2411
8209 540 20858
540 8209 20858
4871 10078 12377
10078 4871 12377
7298 5247 23643
5247 7298 23643
9917 8010 12878
8010 9917 12878
7380 7922 3880
7922 7380 3880
3506 4362 10320
4362 3506 10320
7204 5437 24488
5437 7204 24488
7868 8028 11473
8028 7868 11473
248 10348 28138
10348 248 28138
5648 5343 10494
5343 5648 10494
5414 596 6916
596 5414 6916
9321 9491 22210
9491 9321 22210
9572 66 19866
66 9572 19866
8883 213 7016
213 8883 7016
1200 6002 14583
6002 1200 14583
8125 7159 26656
7159 8125 26656
