10227 21446 9588
9588 1687 8109
1687 9588 8109
9588 9244 22571
9244 9588 22571
9244 9882 23770
9882 9244 23770
1687 117 22882
117 1687 22882
117 1897 22045
1897 117 22045
1897 3145 2513
3145 1897 2513
117 1162 6958
1162 117 6958
117 36 13871
36 117 13871
36 5342 23494
5342 36 23494
36 7575 19205
7575 36 19205
9244 5702 10674
5702 9244 10674
9244 6929 12102
6929 9244 12102
1897 1045 13540
1045 1897 13540
7575 9520 4914
9520 7575 4914
9244 7936 8249
7936 9244 8249
9520 422 28594
422 9520 28594
7575 9638 13594
9638 7575 13594
1045 6778 29099
6778 1045 29099
5342 1740 20531
1740 5342 20531
1897 157 27136
157 1897 27136
1897 6293 3073
6293 1897 3073
9244 553 26164
553 9244 26164
6929 460 32231
460 6929 32231
117 9397 7919
9397 117 7919
5702 9814 24832
9814 5702 24832
1740 647 16593
647 1740 16593
3145 8187 22002
8187 3145 22002
460 2930 2395
2930 460 2395
157 1808 360
1808 157 360
460 4318 5331
4318 460 5331
6929 5262 23296
5262 6929 23296
5702 6296 23403
6296 5702 23403
6778 8668 31950
8668 6778 31950
1808 1294 2847
1294 1808 2847
1808 5889 18376
5889 1808 18376
553 4333 30969
4333 553 30969
2930 5644 19373
5644 2930 19373
5644 9526 8128
9526 5644 8128
5702 2700 8524
2700 5702 8524
9520 9069 23361
9069 9520 23361
422 5992 23611
5992 422 23611
9814 1731 5807
1731 9814 5807
6778 1843 30034
1843 6778 30034
7936 5547 18893
5547 7936 18893
460 7210 8587
7210 460 8587
157 4698 13281
4698 157 13281
553 4744 285
4744 553 285
7575 6062 5280
6062 7575 5280
7575 5615 227
5615 7575 227
1843 555 657
555 1843 657
6293 8431 15472
8431 6293 15472
3145 9033 15264
9033 3145 15264
9814 2976 14687
2976 9814 14687
555 7359 14287
7359 555 14287
9244 3704 1220
3704 9244 1220
1687 522 12105
522 1687 12105
4318 3996 8646
3996 4318 8646
6293 6624 31817
6624 6293 31817
9588 2336 25800
2336 9588 25800
8187 1687 5775
1687 8187 5775
1045 3492 22700
3492 1045 22700
3704 4959 10584
4959 3704 10584
36 600 13337
600 36 13337
522 5664 17939
5664 522 17939
5644 9634 17096
9634 5644 17096
1162 2434 17741
2434 1162 17741
1731 248 2882
248 1731 2882
5664 1065 21642
1065 5664 21642
1294 1523 29591
1523 1294 29591
5342 6446 19197
6446 5342 19197
1523 5080 18422
5080 1523 18422
5702 1365 30825
1365 5702 30825
1045 8959 23601
8959 1045 23601
9588 8123 2186
8123 9588 2186
1162 7399 7563
7399 1162 7563
157 3729 6868
3729 157 6868
6446 5630 23658
5630 6446 23658
7210 1821 8563
1821 7210 8563
5080 6860 28090
6860 5080 28090
2700 2751 19401
2751 2700 19401
4333 197 4652
197 4333 4652
4698 6074 32734
6074 4698 32734
157 3371 26005
3371 157 26005
9069 5014 903
5014 9069 903
5342 4388 787
4388 5342 787
4333 7290 16676
7290 4333 16676
5547 5955 6856
5955 5547 6856
5630 2536 23876
2536 5630 23876
5955 6488 31817
6488 5955 31817
8668 591 27037
591 8668 27037
1808 9224 9491
9224 1808 9491
7210 6502 14096
6502 7210 14096
4959 6073 17571
6073 4959 17571
522 2539 27565
2539 522 27565
422 460 28679
460 422 28679
248 2934 25347
2934 248 25347
6446 7109 31997
7109 6446 31997
5644 3922 19983
3922 5644 19983
5889 5737 16639
5737 5889 16639
460 3275 21933
3275 460 21933
3922 8777 19154
8777 3922 19154
9638 2444 32096
2444 9638 32096
460 2842 11618
2842 460 11618
157 833 32190
833 157 32190
1740 5953 10526
5953 1740 10526
422 2057 5358
2057 422 5358
2444 590 32023
590 2444 32023
647 3546 12532
3546 647 12532
7936 9673 31608
9673 7936 31608
5953 8593 10945
8593 5953 10945
1897 8988 13639
8988 1897 13639
5630 1392 23109
1392 5630 23109
8777 7893 16234
7893 8777 16234
3922 1957 27370
1957 3922 27370
2700 8016 18265
8016 2700 18265
8593 3651 21837
3651 8593 21837
5953 9832 30740
9832 5953 30740
1294 5287 3595
5287 1294 3595
6296 153 8235
153 6296 8235
522 3063 8953
3063 522 8953
7109 1320 12288
1320 7109 12288
422 1377 30503
1377 422 30503
5664 1451 5005
1451 5664 5005
553 5650 25460
5650 553 25460
3371 4962 11590
4962 3371 11590
9814 9409 1194
9409 9814 1194
6446 2223 24578
2223 6446 24578
248 3301 16722
3301 248 16722
6624 3849 13284
3849 6624 13284
5955 7551 24763
7551 5955 24763
7575 1357 18105
1357 7575 18105
8016 8646 14842
8646 8016 14842
7893 8852 29271
8852 7893 29271
1821 7002 23745
7002 1821 23745
9033 9864 29641
9864 9033 29641
833 3682 28505
3682 833 28505
591 8179 29821
8179 591 29821
9673 2885 9267
2885 9673 9267
8988 1618 12972
1618 8988 12972
9882 5982 28356
5982 9882 28356
6446 963 14510
963 6446 14510
591 5071 21155
5071 591 21155
2700 752 11006
752 2700 11006
9832 1472 6444
1472 9832 6444
2536 9482 17176
9482 2536 17176
8179 644 14605
644 8179 14605
5982 3991 8566
3991 5982 8566
3301 3125 6280
3125 3301 6280
1392 5230 19290
5230 1392 19290
5953 7234 24156
7234 5953 24156
963 2749 31012
2749 963 31012
590 5018 3711
5018 590 3711
1377 158 24676
158 1377 24676
590 6318 1853
6318 590 1853
8852 1742 28908
1742 8852 28908
9526 4684 26709
4684 9526 26709
5018 8905 7821
8905 5018 7821
5630 8185 20775
8185 5630 20775
1162 70 22850
70 1162 22850
197 8887 1048
8887 197 1048
36 7707 21493
7707 36 21493
1357 3639 11434
3639 1357 11434
2934 10178 15911
10178 2934 15911
6778 3544 4874
3544 6778 4874
7575 8638 12061
8638 7575 12061
3544 1955 17143
1955 3544 17143
4318 6350 16739
6350 4318 16739
522 7222 25936
7222 522 25936
522 9395 21444
9395 522 21444
1162 8468 4784
8468 1162 4784
5953 7135 8452
7135 5953 8452
2223 707 2780
707 2223 2780
1162 5144 29187
5144 1162 29187
9409 9198 20465
9198 9409 20465
1687 5517 9750
5517 1687 9750
5955 5663 30103
5663 5955 30103
9244 7118 15276
7118 9244 15276
1897 3312 21406
3312 1897 21406
157 6558 30627
6558 157 30627
9397 528 2258
528 9397 2258
1843 2160 21470
2160 1843 21470
7109 3685 9710
3685 7109 9710
647 8835 3565
8835 647 3565
7002 6160 16879
6160 7002 16879
197 5566 5356
5566 197 5356
6318 1484 28728
1484 6318 28728
8668 1129 16874
1129 8668 16874
5018 2014 26186
2014 5018 26186
1687 7218 18544
7218 1687 18544
9864 7058 25084
7058 9864 25084
6073 5641 13568
5641 6073 13568
117 8518 25197
8518 117 25197
5230 3033 11689
3033 5230 11689
5144 4220 21812
4220 5144 21812
2160 5005 3329
5005 2160 3329
70 10188 18036
10188 70 18036
7210 9996 27165
9996 7210 27165
6929 7027 15836
7027 6929 15836
8016 4159 16489
4159 8016 16489
157 3607 3005
3607 157 3005
5955 4488 16491
4488 5955 16491
1731 3317 12479
3317 1731 12479
3729 2554 28374
2554 3729 28374
8468 5100 4052
5100 8468 4052
8593 7973 10608
7973 8593 10608
7218 1043 3459
1043 7218 3459
3991 4832 455
4832 3991 455
6318 1253 28829
1253 6318 28829
7707 6170 11166
6170 7707 11166
5664 1959 6135
1959 5664 6135
1294 5547 4504
5547 1294 4504
3704 2297 13763
2297 3704 13763
6170 5081 3224
5081 6170 3224
5081 2626 3227
2626 5081 3227
5702 73 19133
73 5702 19133
6296 1175 29535
1175 6296 29535
2160 8717 14609
8717 2160 14609
4159 4680 31856
4680 4159 31856
5517 4034 20286
4034 5517 20286
8518 9365 20972
9365 8518 20972
6778 471 32485
471 6778 32485
3729 9109 31745
9109 3729 31745
1392 2952 20594
2952 1392 20594
2976 258 10090
258 2976 10090
590 7867 30072
7867 590 30072
3492 9854 29105
9854 3492 29105
6860 4799 23807
4799 6860 23807
9397 2746 3537
2746 9397 3537
8959 5585 12366
5585 8959 12366
5702 4065 3910
4065 5702 3910
9033 10065 7953
10065 9033 7953
3371 2369 8888
2369 3371 8888
1687 7629 6124
7629 1687 6124
36 5759 17078
5759 36 17078
1162 2957 1753
2957 1162 1753
10178 6860 23621
6860 10178 23621
6074 2287 1261
2287 6074 1261
8593 6704 10800
6704 8593 10800
8518 5637 7497
5637 8518 7497
2626 7315 8023
7315 2626 8023
2369 613 31079
613 2369 31079
10188 1741 22382
1741 10188 22382
5071 6056 31501
6056 5071 31501
1253 9609 753
9609 1253 753
7027 5076 5247
5076 7027 5247
6446 673 28217
673 6446 28217
555 6265 8140
6265 555 8140
1484 6304 27881
6304 1484 27881
707 10052 7242
10052 707 7242
9395 1991 27196
1991 9395 27196
5953 3431 9631
3431 5953 9631
10178 635 29650
635 10178 29650
3685 482 14823
482 3685 14823
9109 4177 6157
4177 9109 6157
9482 9764 3282
9764 9482 3282
2014 9783 12838
9783 2014 12838
5018 466 17369
466 5018 17369
5630 10043 3448
10043 5630 3448
7936 4971 7129
4971 7936 7129
1821 5434 30391
5434 1821 30391
7222 9539 12969
9539 7222 12969
4962 2578 11534
2578 4962 11534
3991 3222 3989
3222 3991 3989
1523 1831 32343
1831 1523 32343
9783 3439 7100
3439 9783 7100
6558 2405 238
2405 6558 238
9244 1962 6087
1962 9244 6087
3312 4910 8902
4910 3312 8902
9783 8662 20081
8662 9783 20081
1957 6262 30930
6262 1957 30930
4832 1653 23508
1653 4832 23508
9996 4991 10972
4991 9996 10972
591 10178 28543
10178 591 28543
6488 9070 22364
9070 6488 22364
6265 10087 954
10087 6265 954
5144 215 10230
215 5144 10230
1653 4479 11916
4479 1653 11916
3546 7914 23201
7914 3546 23201
3544 4965 338
4965 3544 338
4684 1950 3237
1950 4684 3237
3125 6963 29200
6963 3125 29200
5517 1004 27637
1004 5517 27637
9996 1723 5575
1723 9996 5575
4479 3945 26772
3945 4479 26772
7290 1727 5484
1727 7290 5484
4991 5582 25337
5582 4991 25337
8887 8071 20310
8071 8887 20310
422 6474 30138
6474 422 30138
3063 918 5445
918 3063 5445
10178 5362 10211
5362 10178 10211
5955 5973 31559
5973 5955 31559
707 6732 25280
6732 707 25280
1045 2164 17958
2164 1045 17958
9069 6969 16652
6969 9069 16652
2934 8839 18475
8839 2934 18475
3651 3296 1716
3296 3651 1716
6262 2087 29013
2087 6262 29013
5664 1367 6078
1367 5664 6078
6262 318 5207
318 6262 5207
3729 1258 27119
1258 3729 27119
2369 3613 29685
3613 2369 29685
4388 5373 63
5373 4388 63
7707 4059 9376
4059 7707 9376
4910 949 20548
949 4910 20548
8852 8348 15453
8348 8852 15453
482 520 20760
520 482 20760
5100 262 16215
262 5100 16215
5373 1915 12393
1915 5373 12393
9864 8734 16823
8734 9864 16823
7118 2613 5547
2613 7118 5547
1294 5586 26503
5586 1294 26503
9609 6352 17577
6352 9609 17577
4159 1940 20955
1940 4159 20955
8071 8273 10228
8273 8071 10228
1843 89 13421
89 1843 13421
1294 3330 8395
3330 1294 8395
5100 3672 20844
3672 5100 20844
644 9228 15773
9228 644 15773
7315 9436 312
9436 7315 312
7629 7774 31036
7774 7629 31036
2885 5810 18996
5810 2885 18996
2934 3694 13384
3694 2934 13384
8777 1192 28930
1192 8777 28930
8593 6342 1924
6342 8593 1924
2369 1732 25532
1732 2369 25532
3945 2131 10520
2131 3945 10520
9109 10100 781
10100 9109 781
9996 3115 14311
3115 9996 14311
647 6519 8751
6519 647 8751
7629 3463 10112
3463 7629 10112
5287 7985 13121
7985 5287 13121
5585 997 3161
997 5585 3161
8852 3503 1904
3503 8852 1904
9109 4587 31567
4587 9109 31567
5992 2467 25317
2467 5992 25317
7234 7129 24743
7129 7234 24743
7893 2499 29305
2499 7893 29305
1740 6937 29180
6937 1740 29180
8638 9329 1437
9329 8638 1437
7222 4685 31715
4685 7222 31715
6352 1771 22774
1771 6352 22774
6860 9060 5934
9060 6860 5934
73 4114 20131
4114 73 20131
1727 1906 6927
1906 1727 6927
6778 2563 14114
2563 6778 14114
3296 6771 14479
6771 3296 14479
3922 4960 23113
4960 3922 23113
2536 314 24845
314 2536 24845
117 2841 20960
2841 117 20960
2467 7996 15569
7996 2467 15569
949 4059 4015
4059 949 4015
7867 1550 22470
1550 7867 22470
5547 8683 10013
8683 5547 10013
9033 9800 6656
9800 9033 6656
2014 9513 14016
9513 2014 14016
1043 4966 28313
4966 1043 28313
215 2908 10340
2908 215 10340
471 619 30473
619 471 30473
318 9739 32370
9739 318 32370
2336 6676 8710
6676 2336 8710
7893 359 7106
359 7893 7106
613 8680 17546
8680 613 17546
1258 3237 28477
3237 1258 28477
314 8130 14491
8130 314 14491
6963 1299 16091
1299 6963 16091
9436 9571 22748
9571 9436 22748
752 1861 1499
1861 752 1499
1940 5686 16670
5686 1940 16670
8431 5104 2125
5104 8431 2125
9634 6996 23390
6996 9634 23390
3503 3488 29250
3488 3503 29250
5889 3673 15867
3673 5889 15867
1957 1310 9028
1310 1957 9028
7234 5534 2819
5534 7234 2819
1831 1679 14047
1679 1831 14047
3672 4880 10735
4880 3672 10735
4065 3143 350
3143 4065 350
7129 3064 11294
3064 7129 11294
5144 9444 9235
9444 5144 9235
3685 7642 16885
7642 3685 16885
5262 2835 7872
2835 5262 7872
1192 8029 10604
8029 1192 10604
8468 1481 27634
1481 8468 27634
963 1187 16496
1187 963 16496
7210 33 21624
33 7210 21624
8071 4861 13410
4861 8071 13410
1192 9987 19002
9987 1192 19002
1821 8480 30105
8480 1821 30105
7399 1385 21781
1385 7399 21781
8468 9882 28856
9882 8468 28856
3849 9370 31889
9370 3849 31889
7399 2098 26923
2098 7399 26923
2444 916 12165
916 2444 12165
1523 9706 30518
9706 1523 30518
33 2153 1795
2153 33 1795
1957 3241 29005
3241 1957 29005
6318 7270 29742
7270 6318 29742
8185 4402 15293
4402 8185 15293
9069 8196 187
8196 9069 187
3492 8473 27328
8473 3492 27328
833 962 22606
962 833 22606
5663 9014 8855
9014 5663 8855
3672 3236 25855
3236 3672 25855
1991 3164 32329
3164 1991 32329
2835 3552 29591
3552 2835 29591
1727 8199 20739
8199 1727 20739
4402 4559 9329
4559 4402 9329
4388 1757 8031
1757 4388 8031
647 3081 29702
3081 647 29702
5586 2679 1275
2679 5586 1275
9832 1459 29315
1459 9832 29315
3064 239 12312
239 3064 12312
3922 2226 25603
2226 3922 25603
1991 134 72
134 1991 72
2164 8247 2875
8247 2164 2875
36 4687 30288
4687 36 30288
1187 6128 24254
6128 1187 24254
8905 3877 21192
3877 8905 21192
4388 7163 27944
7163 4388 27944
7914 1213 19996
1213 7914 19996
2841 8278 20168
8278 2841 20168
9638 1579 4093
1579 9638 4093
2749 5531 17316
5531 2749 17316
6676 938 17774
938 6676 17774
2934 8052 4848
8052 2934 4848
8071 2367 15322
2367 8071 15322
3115 1436 32075
1436 3115 32075
6074 6729 3336
6729 6074 3336
5434 2028 9568
2028 5434 9568
6558 9160 31433
9160 6558 31433
1129 3980 19131
3980 1129 19131
1962 1727 27301
1727 1962 27301
673 8765 8439
8765 673 8439
158 1905 20735
1905 158 20735
9638 1345 397
1345 9638 397
2563 303 6245
303 2563 6245
3241 7812 16616
7812 3241 16616
4177 5573 32004
5573 4177 32004
1742 9775 8082
9775 1742 8082
5547 573 15737
573 5547 15737
3651 823 13971
823 3651 13971
7812 10107 14716
10107 7812 14716
5630 2772 27218
2772 5630 27218
9397 3075 27664
3075 9397 27664
1742 8750 29090
8750 1742 29090
9854 2780 29243
2780 9854 29243
3236 1195 26305
1195 3236 26305
9739 926 20608
926 9739 20608
5663 7199 13927
7199 5663 13927
6676 357 14472
357 6676 14472
4488 8751 9539
8751 4488 9539
8988 1263 32184
1263 8988 32184
5071 6924 7797
6924 5071 7797
460 9678 688
9678 460 688
1723 1991 7650
1991 1723 7650
9069 1453 741
1453 9069 741
522 2306 24444
2306 522 24444
9864 1906 718
1906 9864 718
2751 745 6349
745 2751 6349
3996 9313 13923
9313 3996 13923
2367 8120 29801
8120 2367 29801
1258 7934 8409
7934 1258 8409
1740 3375 24340
3375 1740 24340
1723 5555 25062
5555 1723 25062
5585 960 1214
960 5585 1214
1065 2141 25582
2141 1065 25582
7551 3979 12194
3979 7551 12194
2578 5546 15336
5546 2578 15336
2444 2114 9774
2114 2444 9774
2336 1519 22238
1519 2336 22238
460 1129 13435
1129 460 13435
3991 4205 23124
4205 3991 23124
9395 5959 21628
5959 9395 21628
8518 208 13307
208 8518 13307
9313 1369 29750
1369 9313 29750
1955 5384 2676
5384 1955 2676
2934 6539 15252
6539 2934 15252
7027 6788 25630
6788 7027 25630
3503 3215 31676
3215 3503 31676
1523 4302 14872
4302 1523 14872
134 9021 12266
9021 134 12266
1258 9315 7420
9315 1258 7420
1192 7051 15425
7051 1192 15425
6860 1218 24071
1218 6860 24071
9033 262 28947
262 9033 28947
3651 7940 10921
7940 3651 10921
962 7456 22915
7456 962 22915
4971 7175 426
7175 4971 426
8905 2076 4769
2076 8905 4769
1129 2075 12396
2075 1129 12396
6160 7075 25666
7075 6160 25666
357 6882 27638
6882 357 27638
9526 66 10050
66 9526 10050
8988 6418 27845
6418 8988 27845
6937 7321 15615
7321 6937 15615
1213 52 1434
52 1213 1434
4177 8514 2587
8514 4177 2587
7629 2822 19644
2822 7629 19644
1843 1885 6904
1885 1843 6904
2626 9893 27753
9893 2626 27753
8348 6187 25186
6187 8348 25186
1294 2934 23147
2934 1294 23147
8638 4302 29538
4302 8638 29538
33 6407 24585
6407 33 24585
5014 6667 15674
6667 5014 15674
7914 6081 21198
6081 7914 21198
5100 505 15592
505 5100 15592
5230 1572 29660
1572 5230 29660
3063 5378 22994
5378 3063 22994
5664 8100 28361
8100 5664 28361
2160 9577 19300
9577 2160 19300
6352 3599 12846
3599 6352 12846
3317 6187 960
6187 3317 960
1299 1731 11130
1731 1299 11130
5585 5664 16348
5664 5585 16348
8988 4891 7328
4891 8988 7328
9224 8532 6042
8532 9224 6042
5104 1750 7616
1750 5104 7616
833 1133 18623
1133 833 18623
1906 6045 13780
6045 1906 13780
7867 2053 3542
2053 7867 3542
10065 7904 7435
7904 10065 7435
1861 5747 11872
5747 1861 11872
8029 8640 90
8640 8029 90
215 372 10211
372 215 10211
590 3113 20837
3113 590 20837
4488 5415 26546
5415 4488 26546
8071 5235 7897
5235 8071 7897
3979 8009 7047
8009 3979 7047
5230 6031 28864
6031 5230 28864
357 1293 13125
1293 357 13125
36 7429 384
7429 36 384
7175 1964 22651
1964 7175 22651
5955 5556 14210
5556 5955 14210
1906 5038 28801
5038 1906 28801
8071 1826 19631
1826 8071 19631
6502 6446 17476
6446 6502 17476
10100 2598 26702
2598 10100 26702
3371 6597 13600
6597 3371 13600
1550 9375 25825
9375 1550 25825
7109 7933 2132
7933 7109 2132
7774 3602 24340
3602 7774 24340
6771 6295 23281
6295 6771 23281
6352 1020 19420
1020 6352 19420
9609 8608 20064
8608 9609 20064
6558 8912 858
8912 6558 858
8052 922 459
922 8052 459
8734 4779 15132
4779 8734 15132
8016 1864 1795
1864 8016 1795
208 9758 9676
9758 208 9676
8988 6195 16846
6195 8988 16846
3503 5677 10108
5677 3503 10108
89 4317 5780
4317 89 5780
9882 844 5378
844 9882 5378
1253 9875 2528
9875 1253 2528
2160 157 6693
157 2160 6693
9313 6061 1091
6061 9313 1091
4891 7694 30096
7694 4891 30096
6474 4716 26215
4716 6474 26215
9513 1315 2748
1315 9513 2748
1519 9920 1914
9920 1519 1914
3544 2796 10579
2796 3544 10579
9678 5121 11331
5121 9678 11331
8100 3464 9926
3464 8100 9926
7218 993 3954
993 7218 3954
6074 1892 20986
1892 6074 20986
2885 490 17422
490 2885 17422
3546 611 12894
611 3546 12894
5038 5749 8467
5749 5038 8467
2434 2417 15058
2417 2434 15058
2053 4598 4503
4598 2053 4503
9588 8916 28186
8916 9588 28186
5737 3497 10001
3497 5737 10001
9577 1563 13782
1563 9577 13782
5749 7069 13211
7069 5749 13211
8100 1745 11834
1745 8100 11834
1523 8749 4163
8749 1523 4163
2749 6024 14326
6024 2749 14326
1905 6716 6085
6716 1905 6085
611 8777 3858
8777 611 3858
1742 2547 22598
2547 1742 22598
7694 6680 16550
6680 7694 16550
2822 3791 7912
3791 2822 7912
8431 181 29369
181 8431 29369
7642 7694 22098
7694 7642 22098
1175 4302 22698
4302 1175 22698
1731 4845 19835
4845 1731 19835
1294 7033 13298
7033 1294 13298
1392 2865 28251
2865 1392 28251
960 307 13344
307 960 13344
8751 940 17493
940 8751 17493
1940 77 14937
77 1940 14937
4687 3102 107
3102 4687 107
1451 9612 17357
9612 1451 17357
9014 7350 32169
7350 9014 32169
2098 8479 23506
8479 2098 23506
4680 5623 12862
5623 4680 12862
7163 8 16812
8 7163 16812
1732 887 2627
887 1732 2627
8959 9634 14127
9634 8959 14127
6061 1983 28447
1983 6061 28447
2976 9016 1204
9016 2976 1204
36 2871 19203
2871 36 19203
2751 5735 29727
5735 2751 29727
522 2837 14849
2837 522 14849
963 968 10216
968 963 10216
6265 6119 25242
6119 6265 25242
2434 9972 5214
9972 2434 5214
2367 202 11745
202 2367 11745
3672 1847 20644
1847 3672 20644
7270 9216 23428
9216 7270 23428
2014 7413 16922
7413 2014 16922
590 5300 18522
5300 590 18522
1843 5125 8230
5125 1843 8230
7936 671 15941
671 7936 15941
5378 9396 18339
9396 5378 18339
2547 3998 23177
3998 2547 23177
1892 3918 7259
3918 1892 7259
4716 5715 5095
5715 4716 5095
7210 556 7254
556 7210 7254
5749 85 15395
85 5749 15395
5959 2954 7147
2954 5959 7147
1757 7262 4275
7262 1757 4275
6160 4184 13003
4184 6160 13003
7399 2166 7379
2166 7399 7379
844 1034 390
1034 844 390
1991 737 25390
737 1991 25390
9224 9327 29756
9327 9224 29756
9706 8996 4056
8996 9706 4056
5663 2653 21104
2653 5663 21104
1962 9500 25431
9500 1962 25431
9109 2218 5432
2218 9109 5432
1750 3702 11743
3702 1750 11743
4960 4386 29770
4386 4960 29770
1831 2714 7710
2714 1831 7710
4302 8457 12169
8457 4302 12169
5071 1468 26910
1468 5071 26910
5953 5926 7714
5926 5953 7714
6296 4896 31015
4896 6296 31015
2772 2198 19810
2198 2772 19810
9588 8163 28593
8163 9588 28593
1175 156 18622
156 1175 18622
9864 1719 27327
1719 9864 27327
7812 352 20940
352 7812 20940
7027 1692 14392
1692 7027 14392
2934 6331 10788
6331 2934 10788
4402 593 542
593 4402 542
3312 5007 27218
5007 3312 27218
7933 6417 5296
6417 7933 5296
1579 572 2156
572 1579 2156
1385 8163 15326
8163 1385 15326
5100 8321 30187
8321 5100 30187
7936 1779 26514
1779 7936 26514
5735 9986 28618
9986 5735 28618
5637 1096 24251
1096 5637 24251
6519 2996 3367
2996 6519 3367
2885 8241 22313
8241 2885 22313
6624 3796 6102
3796 6624 6102
6597 1658 23692
1658 6597 23692
9513 2206 6045
2206 9513 6045
5641 7369 6968
7369 5641 6968
8016 3502 1053
3502 8016 1053
613 8030 29569
8030 613 29569
6996 5805 6803
5805 6996 6803
8608 134 16588
134 8608 16588
1658 4334 11245
4334 1658 11245
5955 2326 2975
2326 5955 2975
3922 2285 11503
2285 3922 11503
3488 10118 93
10118 3488 93
9070 7297 13660
7297 9070 13660
7369 1651 3192
1651 7369 3192
7551 1103 15453
1103 7551 15453
8514 5731 555
5731 8514 555
6417 9740 3994
9740 6417 3994
9678 9278 10030
9278 9678 10030
1808 2658 4033
2658 1808 4033
2417 804 11479
804 2417 11479
3102 377 30839
377 3102 30839
1065 6195 20649
6195 1065 20649
1740 8848 13023
8848 1740 13023
7218 4639 23104
4639 7218 23104
1618 6423 14647
6423 1618 14647
7051 4771 26647
4771 7051 26647
2098 5698 14152
5698 2098 14152
352 9067 3744
9067 352 3744
157 4598 9877
4598 157 9877
940 9877 17828
9877 940 17828
5546 1171 30343
1171 5546 30343
5630 1046 3558
1046 5630 3558
9920 6866 12308
6866 9920 12308
9986 5025 11642
5025 9986 11642
10100 592 16780
592 10100 16780
10043 4073 27477
4073 10043 27477
9436 9491 2701
9491 9436 2701
2405 1690 25339
1690 2405 25339
7058 3856 10584
3856 7058 10584
3463 6055 28509
6055 3463 28509
7933 7140 16885
7140 7933 16885
4302 9124 22589
9124 4302 22589
3492 8066 19689
8066 3492 19689
1484 3809 28601
3809 1484 28601
89 5025 15982
5025 89 15982
4684 6040 13766
6040 4684 13766
4598 7723 22632
7723 4598 22632
9526 1781 30153
1781 9526 30153
6423 3708 2193
3708 6423 2193
5100 4802 13961
4802 5100 13961
89 1799 8592
1799 89 8592
5378 6480 20272
6480 5378 20272
1357 830 22777
830 1357 22777
6502 4813 5151
4813 6502 5151
52 9003 3425
9003 52 3425
5731 7848 25777
7848 5731 25777
1779 3997 16146
3997 1779 16146
7140 3389 32585
3389 7140 32585
9397 3913 11013
3913 9397 11013
6929 3638 29510
3638 6929 29510
2837 3696 27427
3696 2837 27427
9571 4823 24742
4823 9571 24742
1550 6555 12290
6555 1550 12290
4159 247 898
247 4159 898
8668 2138 26522
2138 8668 26522
8749 564 23984
564 8749 23984
522 2678 16801
2678 522 16801
1065 7637 15144
7637 1065 15144
3913 8048 19862
8048 3913 19862
7456 840 24060
840 7456 24060
8348 7441 14238
7441 8348 14238
5623 8568 25867
8568 5623 25867
2160 6085 16570
6085 2160 16570
591 6971 3250
6971 591 3250
2842 4861 17424
4861 2842 17424
5025 9719 19239
9719 5025 19239
5104 212 15919
212 5104 15919
9987 4065 4682
4065 9987 4682
2218 5825 11417
5825 2218 11417
5018 2142 16128
2142 5018 16128
3102 3178 2810
3178 3102 2810
7642 1096 648
1096 7642 648
1045 2521 210
2521 1045 210
5650 5222 27707
5222 5650 27707
7002 5921 19840
5921 7002 19840
7774 7290 15033
7290 7774 15033
1950 6760 31216
6760 1950 31216
9775 5691 20858
5691 9775 20858
1723 5465 7766
5465 1723 7766
4598 8976 11310
8976 4598 11310
5921 7046 28603
7046 5921 28603
1357 2852 31612
2852 1357 31612
372 6767 7246
6767 372 7246
2367 3205 20217
3205 2367 20217
7359 3259 3761
3259 7359 3761
4880 8061 24180
8061 4880 24180
2014 9273 20414
9273 2014 20414
8278 9757 14566
9757 8278 14566
9482 5571 15221
5571 9482 15221
6187 5076 27048
5076 6187 27048
1826 70 26897
70 1826 26897
4910 6586 5308
6586 4910 5308
5735 4104 20349
4104 5735 20349
611 1954 12621
1954 611 12621
2131 3638 9875
3638 2131 9875
6732 9402 30133
9402 6732 30133
2153 9459 6907
9459 2153 6907
3696 2829 19106
2829 3696 19106
134 7217 28025
7217 134 28025
2417 9413 17210
9413 2417 17210
9397 2614 22539
2614 9397 22539
4685 5423 13899
5423 4685 13899
3205 7775 25135
7775 3205 25135
7210 5779 14563
5779 7210 14563
10188 8688 31517
8688 10188 31517
1940 5007 29935
5007 1940 29935
3259 8775 3045
8775 3259 3045
2223 1027 13997
1027 2223 13997
3237 8686 3237
8686 3237 3237
8048 7313 8724
7313 8048 8724
5959 1507 20315
1507 5959 20315
3613 2732 23933
2732 3613 23933
9612 7864 30721
7864 9612 30721
1451 2761 12601
2761 1451 12601
2772 49 19692
49 2772 19692
7027 2814 13269
2814 7027 13269
6073 5301 31658
5301 6073 31658
1258 1121 10548
1121 1258 10548
262 9950 28121
9950 262 28121
3996 10082 20180
10082 3996 20180
3980 1319 9887
1319 3980 9887
5547 4880 31182
4880 5547 31182
3503 1591 11478
1591 3503 11478
1658 6812 15219
6812 1658 15219
3113 2944 3853
2944 3113 3853
8887 2080 18332
2080 8887 18332
247 1229 26074
1229 247 26074
7642 345 9214
345 7642 9214
4318 2916 11842
2916 4318 11842
1459 52 18976
52 1459 18976
4832 439 14626
439 4832 14626
7217 8152 28112
8152 7217 28112
8638 6396 3539
6396 8638 3539
8775 9275 6176
9275 8775 6176
2554 5864 19846
5864 2554 19846
6396 9180 19282
9180 6396 19282
1481 8676 12811
8676 1481 12811
3241 6699 32324
6699 3241 32324
318 7638 32256
7638 318 32256
3913 899 32309
899 3913 32309
7051 1787 28055
1787 7051 28055
7135 8586 15350
8586 7135 15350
8848 4308 15993
4308 8848 15993
3979 8051 17902
8051 3979 17902
8777 4305 2672
4305 8777 2672
208 4404 17014
4404 208 17014
8668 1408 17366
1408 8668 17366
10065 532 13938
532 10065 13938
439 2961 29703
2961 439 29703
5582 6235 21051
6235 5582 21051
1319 9443 15170
9443 1319 15170
673 8685 29490
8685 673 29490
134 5512 20151
5512 134 20151
6699 6337 4753
6337 6699 4753
9814 9346 7357
9346 9814 7357
6265 2687 2649
2687 6265 2649
2369 3729 10343
3729 2369 10343
6295 3188 32624
3188 6295 32624
208 9482 25829
9482 208 25829
8029 9680 27717
9680 8029 27717
5121 52 11901
52 5121 11901
8 957 18841
957 8 18841
9986 4477 16899
4477 9986 16899
7217 9858 15170
9858 7217 15170
9775 1950 5387
1950 9775 5387
830 6213 1271
6213 830 1271
918 7312 88
7312 918 88
7312 2498 28557
2498 7312 28557
5071 206 6964
206 5071 6964
9070 8012 16692
8012 9070 16692
8012 3787 16809
3787 8012 16809
4184 422 2952
422 4184 2952
5007 4851 22750
4851 5007 22750
2930 8386 26777
8386 2930 26777
8680 4560 19464
4560 8680 19464
4966 4108 23609
4108 4966 23609
6056 5532 16798
5532 6056 16798
823 9848 298
9848 823 298
2841 9411 31716
9411 2841 31716
7694 6321 520
6321 7694 520
1472 10165 2272
10165 1472 2272
8061 2083 11265
2083 8061 11265
3063 3847 9555
3847 3063 9555
7135 1476 15801
1476 7135 15801
2499 1969 21333
1969 2499 21333
9877 9759 32490
9759 9877 32490
6085 4737 28830
4737 6085 28830
7694 4494 15783
4494 7694 15783
6866 7328 24994
7328 6866 24994
1550 8792 5184
8792 1550 5184
2613 7300 32269
7300 2613 32269
10178 7000 26434
7000 10178 26434
1293 2287 8261
2287 1293 8261
3330 6140 27911
6140 3330 27911
1983 6056 23796
6056 1983 23796
968 6717 22730
6717 968 22730
899 5633 18634
5633 899 18634
6407 6163 329
6163 6407 329
1757 4667 8701
4667 1757 8701
5076 6805 8012
6805 5076 8012
7069 364 46
364 7069 46
307 9768 6836
9768 307 6836
8848 7794 10423
7794 8848 10423
7637 4312 23773
4312 7637 23773
5735 8969 7827
8969 5735 7827
9680 460 21876
460 9680 21876
8848 59 19551
59 8848 19551
8009 6015 23318
6015 8009 23318
899 3338 3109
3338 899 3109
9396 5900 25422
5900 9396 25422
2871 1028 9197
1028 2871 9197
1692 4815 17871
4815 1692 17871
2916 4998 24396
4998 2916 24396
3236 7295 27901
7295 3236 27901
3312 6585 3426
6585 3312 3426
5759 5894 2591
5894 5759 2591
5546 134 10258
134 5546 10258
1740 6255 11729
6255 1740 11729
2961 8931 5200
8931 2961 5200
5076 1153 5523
1153 5076 5523
1719 1311 5334
1311 1719 5334
9848 9129 9605
9129 9848 9605
916 7406 32682
7406 916 32682
2554 7847 29101
7847 2554 29101
5759 2016 23601
2016 5759 23601
9986 2818 31839
2818 9986 31839
6555 9336 4812
9336 6555 4812
1687 6286 30623
6286 1687 30623
7973 8393 6184
8393 7973 6184
3115 9744 30094
9744 3115 30094
2297 3637 19917
3637 2297 19917
3729 1051 6216
1051 3729 6216
3546 8866 32403
8866 3546 32403
2498 5677 3007
5677 2498 3007
9070 6550 14595
6550 9070 14595
9436 10116 29806
10116 9436 29806
2626 6330 8909
6330 2626 8909
6352 2221 5120
2221 6352 5120
1831 6140 2007
6140 1831 2007
522 5327 16701
5327 522 16701
3708 8883 11421
8883 3708 11421
7002 8989 729
8989 7002 729
5677 1345 7883
1345 5677 7883
8777 6039 13568
6039 8777 13568
4302 7554 12387
7554 4302 12387
303 510 12200
510 303 12200
2954 1454 18632
1454 2954 18632
6716 9564 30749
9564 6716 30749
7315 225 5253
225 7315 5253
2749 8412 12861
8412 2749 12861
3241 3342 10156
3342 3241 10156
6163 925 22102
925 6163 22102
9564 857 12315
857 9564 12315
3702 7674 14006
7674 3702 14006
1962 9170 11283
9170 1962 11283
1392 8387 11326
8387 1392 11326
1719 2655 3802
2655 1719 3802
4065 3858 25499
3858 4065 25499
8959 7106 8293
7106 8959 8293
3638 6866 19705
6866 3638 19705
1020 6249 1598
6249 1020 1598
1983 333 11837
333 1983 11837
73 2837 4895
2837 73 4895
7707 115 23607
115 7707 23607
8717 3888 2043
3888 8717 2043
6081 4663 14667
4663 6081 14667
997 412 11366
412 997 11366
4896 72 22642
72 4896 22642
5779 6508 23972
6508 5779 23972
6187 9461 6581
9461 6187 6581
212 8297 15048
8297 212 15048
3115 2817 20838
2817 3115 20838
5415 9904 14748
9904 5415 14748
752 3796 7620
3796 752 7620
9848 9887 852
9887 9848 852
4771 8885 1745
8885 4771 1745
9482 6056 18749
6056 9482 18749
10107 4494 29306
4494 10107 29306
2626 1889 8413
1889 2626 8413
1905 5363 27500
5363 1905 27500
1320 1367 13383
1367 1320 13383
2417 7300 17191
7300 2417 17191
1319 3098 32394
3098 1319 32394
2498 9076 18472
9076 2498 18472
2153 7845 13706
7845 2153 13706
2837 6940 12108
6940 2837 12108
2653 2786 14754
2786 2653 14754
4587 3773 31661
3773 4587 31661
9758 681 14551
681 9758 14551
938 613 12979
613 938 12979
9882 1453 30357
1453 9882 30357
372 1679 4623
1679 372 4623
7674 8427 10787
8427 7674 10787
2536 3139 23502
3139 2536 23502
6971 4021 30029
4021 6971 30029
471 1377 12498
1377 471 12498
6860 1542 25084
1542 6860 25084
6805 4568 27728
4568 6805 27728
6085 6964 28853
6964 6085 28853
7135 387 4897
387 7135 4897
9365 1603 23345
1603 9365 23345
1955 2615 16394
2615 1955 16394
5512 9563 5514
9563 5512 5514
3638 8475 4681
8475 3638 4681
5363 1189 7612
1189 5363 7612
2714 8798 5639
8798 2714 5639
922 8759 7265
8759 922 7265
4991 904 30331
904 4991 30331
916 6313 2803
6313 916 2803
1885 10161 6122
10161 1885 6122
522 10065 21241
10065 522 21241
9673 3522 3010
3522 9673 3010
7058 1807 30446
1807 7058 30446
8883 9414 15238
9414 8883 15238
8989 3820 8386
3820 8989 8386
9571 1162 14146
1162 9571 14146
3236 630 15163
630 3236 15163
1906 2221 23230
2221 1906 23230
9070 6005 21165
6005 9070 21165
422 6516 2226
6516 422 2226
5686 7768 11968
7768 5686 11968
2678 8000 7583
8000 2678 7583
2554 1669 14901
1669 2554 14901
6866 7459 1051
7459 6866 1051
6313 6888 12015
6888 6313 12015
8241 1500 4795
1500 8241 4795
9854 1642 27565
1642 9854 27565
7429 3292 8146
3292 7429 8146
5566 6627 9776
6627 5566 9776
6081 8227 4551
8227 6081 4551
4333 6123 10187
6123 4333 10187
2028 7557 12979
7557 2028 12979
6160 5270 15243
5270 6160 15243
1133 8325 17527
8325 1133 17527
5465 5674 15477
5674 5465 15477
412 4564 20127
4564 412 20127
7848 7326 6036
7326 7848 6036
6140 498 29081
498 6140 29081
7893 5638 26826
5638 7893 26826
9882 5473 17207
5473 9882 17207
7399 2717 27292
2717 7399 27292
8241 9557 26224
9557 8241 26224
5532 613 4212
613 5532 4212
823 948 17625
948 823 17625
8676 6842 8212
6842 8676 8212
2916 7873 6739
7873 2916 6739
1742 194 18988
194 1742 18988
1500 881 29658
881 1500 29658
5747 3542 27460
3542 5747 27460
4737 8305 26757
8305 4737 26757
1195 9035 5517
9035 1195 5517
3236 9747 16389
9747 3236 16389
85 10077 6445
10077 85 6445
5018 7105 31829
7105 5018 31829
6304 3590 17437
3590 6304 17437
6996 5177 25684
5177 6996 25684
6502 6800 21435
6800 6502 21435
6119 2219 19321
2219 6119 19321
1847 7696 24984
7696 1847 24984
9520 5392 30446
5392 9520 30446
8009 6571 16942
6571 8009 16942
359 9269 15016
9269 359 15016
117 5260 10111
5260 117 10111
8676 6946 18784
6946 8676 18784
9395 9728 13002
9728 9395 13002
4680 6985 18549
6985 4680 18549
181 7815 18400
7815 181 18400
5547 1137 5406
1137 5547 5406
8100 6731 14781
6731 8100 14781
6516 1506 23155
1506 6516 23155
5623 7270 7015
7270 5623 7015
4737 2066 12347
2066 4737 12347
7321 3075 29008
3075 7321 29008
5270 5871 2181
5871 5270 2181
6937 8488 32421
8488 6937 32421
553 1679 18023
1679 553 18023
3463 6487 18257
6487 3463 18257
613 991 645
991 613 645
4802 8308 27295
8308 4802 27295
3115 6189 21034
6189 3115 21034
4317 3192 959
3192 4317 959
460 2082 27672
2082 460 27672
10118 1045 5274
1045 10118 5274
1692 9554 21087
9554 1692 21087
9728 7081 29879
7081 9728 29879
1385 2580 19152
2580 1385 19152
6265 6294 8484
6294 6265 8484
9728 9545 30706
9545 9728 30706
2976 2121 27550
2121 2976 27550
8798 910 25219
910 8798 25219
8685 4334 13926
4334 8685 13926
2749 2025 18397
2025 2749 18397
3546 30 30607
30 3546 30607
1367 6522 7146
6522 1367 7146
8969 2671 31144
2671 8969 31144
6085 1169 28000
1169 6085 28000
10077 8086 2310
8086 10077 2310
471 571 20860
571 471 20860
6085 3594 17444
3594 6085 17444
8051 9116 14463
9116 8051 14463
1905 3449 27342
3449 1905 27342
4667 601 7820
601 4667 7820
823 9030 6928
9030 823 6928
6031 7865 1217
7865 6031 1217
6860 10035 15399
10035 6860 15399
3330 5511 3233
5511 3330 3233
7290 10210 14053
10210 7290 14053
115 4772 1062
4772 115 1062
372 10121 22588
10121 372 22588
2934 2303 15125
2303 2934 15125
6996 4494 9716
4494 6996 9716
2822 10168 10856
10168 2822 10856
3682 7539 22211
7539 3682 22211
5825 388 23792
388 5825 23792
5982 850 22059
850 5982 22059
2822 5186 13430
5186 2822 13430
208 7394 4597
7394 208 4597
6123 4272 10502
4272 6123 10502
1137 7718 4644
7718 1137 4644
1808 3480 2094
3480 1808 2094
2206 4191 23984
4191 2206 23984
5735 4334 6223
4334 5735 6223
4598 1477 15726
1477 4598 15726
1263 6981 26713
6981 1263 26713
6571 3143 23530
3143 6571 23530
8488 5891 3717
5891 8488 3717
6074 5740 23583
5740 6074 23583
671 73 14571
73 671 14571
9180 6872 6744
6872 9180 6744
5810 327 18692
327 5810 18692
4845 2124 12698
2124 4845 12698
6015 1680 20347
1680 6015 20347
5686 8780 25951
8780 5686 25951
5677 10127 12253
10127 5677 12253
938 1190 668
1190 938 668
9228 8463 3071
8463 9228 3071
8163 631 31802
631 8163 31802
840 3488 25915
3488 840 25915
2814 1928 18060
1928 2814 18060
1831 2014 13773
2014 1831 13773
85 1617 4717
1617 85 4717
9768 4031 12026
4031 9768 12026
6330 2765 21507
2765 6330 21507
4991 611 22734
611 4991 22734
5260 5189 19049
5189 5260 19049
850 526 5765
526 850 5765
8152 5771 21658
5771 8152 21658
2916 3023 7940
3023 2916 7940
1293 6431 5503
6431 1293 5503
2580 6568 23280
6568 2580 23280
4966 4867 3059
4867 4966 3059
2837 9899 25150
9899 2837 25150
3488 820 9482
820 3488 9482
2539 2016 4437
2016 2539 4437
9413 8006 15882
8006 9413 15882
3075 270 29209
270 3075 29209
7707 8419 22743
8419 7707 22743
4272 6165 3955
6165 4272 3955
7217 8602 16572
8602 7217 16572
5384 6338 19001
6338 5384 19001
3820 7454 22231
7454 3820 22231
1940 50 31875
50 1940 31875
8247 1252 1175
1252 8247 1175
2796 8181 13512
8181 2796 13512
4494 6223 14344
6223 4494 14344
4402 457 9309
457 4402 9309
2885 3768 8420
3768 2885 8420
9275 8791 5423
8791 9275 5423
6487 2050 30369
2050 6487 30369
8586 4082 26828
4082 8586 26828
505 5258 12018
5258 505 12018
134 2549 22291
2549 134 22291
2829 8837 2428
8837 2829 2428
6842 1304 27949
1304 6842 27949
7217 5974 164
5974 7217 164
8791 1136 15763
1136 8791 15763
6805 46 22727
46 6805 22727
7129 5102 22606
5102 7129 22606
9016 1869 32317
1869 9016 32317
10165 293 3775
293 10165 3775
8386 4573 30702
4573 8386 30702
6488 4875 18565
4875 6488 18565
3463 3830 14186
3830 3463 14186
7295 1555 22363
1555 7295 22363
248 9520 20674
9520 248 20674
9747 2765 22030
2765 9747 22030
9315 7138 29584
7138 9315 29584
3913 8062 17108
8062 3913 17108
9858 1227 11246
1227 9858 11246
8586 5070 16297
5070 8586 16297
5071 2373 19799
2373 5071 19799
4065 5250 17282
5250 4065 17282
7210 6041 17052
6041 7210 17052
3672 4684 7540
4684 3672 7540
1453 8016 9590
8016 1453 9590
158 1861 1824
1861 158 1824
9728 9075 17762
9075 9728 17762
2835 6437 13829
6437 2835 13829
3375 9132 30912
9132 3375 30912
9016 560 29576
560 9016 29576
1345 1669 1138
1669 1345 1138
3913 8527 20939
8527 3913 20939
8297 10100 25967
10100 8297 25967
4108 8455 10162
8455 4108 10162
6519 5335 9473
5335 6519 9473
4404 2585 10406
2585 4404 10406
8479 1641 27567
1641 8479 27567
745 1691 15599
1691 745 15599
3139 7339 4088
7339 3139 4088
8976 1151 17860
1151 8976 17860
52 881 13677
881 52 13677
2306 7405 17505
7405 2306 17505
4832 3409 1497
3409 4832 1497
6119 1889 32189
1889 6119 32189
3375 1624 29025
1624 3375 29025
1028 7484 15549
7484 1028 15549
9180 1732 1011
1732 9180 1011
5992 8379 21234
8379 5992 21234
1719 5682 3417
5682 1719 3417
9030 4171 31812
4171 9030 31812
7326 2788 26312
2788 7326 26312
4771 5530 25634
5530 4771 25634
3996 1656 23496
1656 3996 23496
3672 7694 19199
7694 3672 19199
2626 2030 30142
2030 2626 30142
1906 4021 16717
4021 1906 16717
1229 1910 28814
1910 1229 28814
5959 5879 10553
5879 5959 10553
59 9093 17412
9093 59 17412
359 488 17101
488 359 17101
7973 373 16648
373 7973 16648
33 9222 32322
9222 33 32322
3102 6129 4807
6129 3102 4807
6140 610 16049
610 6140 16049
556 7402 21338
7402 556 21338
52 8488 11105
8488 52 11105
9747 4691 8341
4691 9747 8341
4184 3172 14428
3172 4184 14428
8640 771 2300
771 8640 2300
1484 1331 16154
1331 1484 16154
6255 2286 4625
2286 6255 4625
6040 9607 26206
9607 6040 26206
1906 7244 20610
7244 1906 20610
2306 7252 17569
7252 2306 17569
5363 9489 24536
9489 5363 24536
5546 5293 10898
5293 5546 10898
6295 4353 19120
4353 6295 19120
1357 6557 27549
6557 1357 27549
5270 5100 30130
5100 5270 30130
2944 9262 22648
9262 2944 22648
1453 1268 11965
1268 1453 11965
3729 431 1056
431 3729 1056
5327 2552 28412
2552 5327 28412
3188 7319 26068
7319 3188 26068
5585 3634 31206
3634 5585 31206
73 5072 2790
5072 73 2790
5650 3855 7253
3855 5650 7253
73 7141 24966
7141 73 24966
8386 8353 13878
8353 8386 13878
2842 7734 16845
7734 2842 16845
1004 3202 16007
3202 1004 16007
9680 9277 19628
9277 9680 19628
3599 555 25748
555 3599 25748
4494 10065 4245
10065 4494 4245
6680 6892 8887
6892 6680 8887
460 4067 12789
4067 460 12789
3222 7530 22029
7530 3222 22029
2326 8755 10712
8755 2326 10712
3544 7081 3024
7081 3544 3024
7105 1263 5960
1263 7105 5960
8791 7176 98
7176 8791 98
3796 4259 12363
4259 3796 12363
4334 4200 5420
4200 4334 5420
1687 3275 9621
3275 1687 9621
5731 10169 6612
10169 5731 6612
1781 81 22582
81 1781 22582
5534 5941 31364
5941 5534 31364
4991 5427 8954
5427 4991 8954
1218 9046 2094
9046 1218 2094
4998 3247 16689
3247 4998 16689
590 7464 28953
7464 590 28953
6969 5086 6937
5086 6969 6937
7557 8857 28436
8857 7557 28436
3431 9542 1056
9542 3431 1056
8308 3284 32291
3284 8308 32291
2286 3095 20919
3095 2286 20919
2028 2468 27018
2468 2028 27018
4772 4161 12657
4161 4772 12657
7369 2681 30329
2681 7369 30329
307 1708 23449
1708 307 23449
1506 2677 15047
2677 1506 15047
3259 2057 15251
2057 3259 15251
7637 7696 4993
7696 7637 4993
4302 7274 31130
7274 4302 31130
5327 7179 571
7179 5327 571
1096 3976 2489
3976 1096 2489
5070 8627 18779
8627 5070 18779
6061 6820 4624
6820 6061 4624
8791 3533 16094
3533 8791 16094
8837 2043 11983
2043 8837 11983
1192 7629 19016
7629 1192 19016
1218 255 25697
255 1218 25697
9500 5369 11706
5369 9500 11706
7138 1458 188
1458 7138 188
6293 4697 25440
4697 6293 25440
1319 5137 21216
5137 1319 21216
59 1794 20410
1794 59 20410
3188 3497 3034
3497 3188 3034
7405 3400 7795
3400 7405 7795
460 3885 24301
3885 460 24301
5926 1365 8885
1365 5926 8885
5014 5085 7859
5085 5014 7859
117 5905 21823
5905 117 21823
8427 4791 13132
4791 8427 13132
9411 1466 22965
1466 9411 22965
4697 8548 27132
8548 4697 27132
1591 603 8659
603 1591 8659
2367 2821 22724
2821 2367 22724
5071 5580 8332
5580 5071 8332
5415 4568 28886
4568 5415 28886
6081 9145 22595
9145 6081 22595
488 3024 28923
3024 488 28923
6045 4261 13977
4261 6045 13977
4205 2917 17731
2917 4205 17731
7217 3129 30092
3129 7217 30092
3178 2738 5009
2738 3178 5009
4875 8469 27862
8469 4875 27862
6431 7217 19686
7217 6431 19686
9996 4794 12233
4794 9996 12233
8775 10025 10618
10025 8775 10618
8686 3704 21285
3704 8686 21285
1781 6841 2558
