10534 51438 7118
7118 2646 27407
2646 7118 27407
7118 7375 20229
7375 7118 20229
2646 8562 2908
8562 2646 2908
2646 6668 6785
6668 2646 6785
2646 6315 13425
6315 2646 13425
7375 594 10760
594 7375 10760
6315 4404 20375
4404 6315 20375
7118 2099 10294
2099 7118 10294
6315 6518 32113
6518 6315 32113
7118 6868 6382
6868 7118 6382
6518 3628 3438
3628 6518 3438
4404 2082 8735
2082 4404 8735
7375 8820 10112
8820 7375 10112
8562 7019 1385
7019 8562 1385
6868 8216 19085
8216 6868 19085
3628 2813 5906
2813 3628 5906
4404 995 12000
995 4404 12000
7375 9951 13323
9951 7375 13323
995 6645 32328
6645 995 32328
2082 7376 23541
7376 2082 23541
2813 509 7073
509 2813 7073
6645 1110 30060
1110 6645 30060
9951 2254 29178
2254 9951 29178
1110 8469 12801
8469 1110 12801
4404 1127 1950
1127 4404 1950
2646 4035 21661
4035 2646 21661
8216 2739 27551
2739 8216 27551
1127 8963 6228
8963 1127 6228
2082 10346 5308
10346 2082 5308
4035 2987 28365
2987 4035 28365
2813 4917 32436
4917 2813 32436
8469 7169 5309
7169 8469 5309
6315 9268 20326
9268 6315 20326
4404 8358 24633
8358 4404 24633
8216 4097 8014
4097 8216 8014
509 5000 32707
5000 509 32707
8216 1298 14659
1298 8216 14659
4917 9194 29272
9194 4917 29272
3628 174 21369
174 3628 21369
5000 1074 8182
1074 5000 8182
594 1126 30778
1126 594 30778
7375 2089 30535
2089 7375 30535
6868 7578 7891
7578 6868 7891
2254 4604 8314
4604 2254 8314
2646 6279 26023
6279 2646 26023
174 1121 32370
1121 174 32370
2099 4869 1128
4869 2099 1128
9951 2979 11984
2979 9951 11984
1074 4087 31198
4087 1074 31198
6279 7372 20099
7372 6279 20099
4404 6703 15055
6703 4404 15055
2813 8916 19430
8916 2813 19430
1298 9501 20448
9501 1298 20448
6518 6674 20623
6674 6518 20623
8820 843 28293
843 8820 28293
7376 5398 7265
5398 7376 7265
995 4014 15708
4014 995 15708
9268 9087 22654
9087 9268 22654
7019 8962 11912
8962 7019 11912
7578 6809 17449
6809 7578 17449
1074 1673 15080
1673 1074 15080
6315 2227 30395
2227 6315 30395
8820 10475 24375
10475 8820 24375
2646 6391 6454
6391 2646 6454
2089 5994 6271
5994 2089 6271
4035 9823 16157
9823 4035 16157
8358 997 20328
997 8358 20328
4035 3942 14745
3942 4035 14745
995 9981 14910
9981 995 14910
8562 4717 12564
4717 8562 12564
6315 10061 19403
10061 6315 19403
8562 2047 20685
2047 8562 20685
4717 5534 22874
5534 4717 22874
9087 10498 11543
10498 9087 11543
9823 996 19582
996 9823 19582
7372 6764 6206
6764 7372 6206
4717 1142 1381
1142 4717 1381
1074 7519 9036
7519 1074 9036
2987 4172 6384
4172 2987 6384
7578 644 24346
644 7578 24346
2227 126 25025
126 2227 25025
7169 2118 26488
2118 7169 26488
6645 4005 32250
4005 6645 32250
2254 2425 9559
2425 2254 9559
997 7346 23396
7346 997 23396
4869 2328 22057
2328 4869 22057
2254 6932 29242
6932 2254 29242
4087 6908 5636
6908 4087 5636
8963 8442 21197
8442 8963 21197
6908 7263 14114
7263 6908 14114
644 2710 17586
2710 644 17586
8962 2435 27860
2435 8962 27860
9981 64 30278
64 9981 30278
4917 1633 2311
1633 4917 2311
6518 495 12706
495 6518 12706
2254 3405 4839
3405 2254 4839
5534 1153 18523
1153 5534 18523
6668 1629 8777
1629 6668 8777
6868 4144 31138
4144 6868 31138
2089 2701 32475
2701 2089 32475
2701 3121 3738
3121 2701 3738
2813 10291 21331
10291 2813 21331
1629 7624 22274
7624 1629 22274
6279 5029 9234
5029 6279 9234
8962 9047 9355
9047 8962 9355
8469 10513 30196
10513 8469 30196
1121 5994 28006
5994 1121 28006
4035 9647 32069
9647 4035 32069
2227 5088 28402
5088 2227 28402
4087 1186 5647
1186 4087 5647
2739 2185 3996
2185 2739 3996
8963 2946 32329
2946 8963 32329
7118 2379 27459
2379 7118 27459
2185 3443 8066
3443 2185 8066
7019 429 30656
429 7019 30656
997 9574 31007
9574 997 31007
1142 4517 5989
4517 1142 5989
7118 9666 15699
9666 7118 15699
4404 3951 19858
3951 4404 19858
2227 8545 16962
8545 2227 16962
9268 144 11691
144 9268 11691
5994 9389 22048
9389 5994 22048
7519 7771 5910
7771 7519 5910
9823 4173 8236
4173 9823 8236
8963 7765 28943
7765 8963 28943
6674 5059 20936
5059 6674 20936
5994 10158 28525
10158 5994 28525
9951 5570 21033
5570 9951 21033
7118 3251 1457
3251 7118 1457
64 2018 5205
2018 64 5205
3251 8911 8179
8911 3251 8179
6645 10309 14944
10309 6645 14944
2089 1640 4495
1640 2089 4495
174 2670 23085
2670 174 23085
64 6065 30617
6065 64 30617
2089 1097 30494
1097 2089 30494
2227 5523 8580
5523 2227 8580
9981 5564 24953
5564 9981 24953
2089 3569 31875
3569 2089 31875
8469 723 30565
723 8469 30565
1121 1559 3718
1559 1121 3718
6315 1987 3284
1987 6315 3284
2979 5340 21477
5340 2979 21477
10475 8095 22196
8095 10475 22196
1142 8761 24347
8761 1142 24347
1126 3473 27447
3473 1126 27447
4604 5910 31770
5910 4604 31770
9951 984 3096
984 9951 3096
1629 5487 24860
5487 1629 24860
8911 2738 20772
2738 8911 20772
9951 3272 13573
3272 9951 13573
9087 6289 14451
6289 9087 14451
2254 6836 30637
6836 2254 30637
6289 10333 28433
10333 6289 28433
5994 5655 12972
5655 5994 12972
8358 6736 8202
6736 8358 8202
2227 9316 22908
9316 2227 22908
4172 417 4374
417 4172 4374
6315 4280 30226
4280 6315 30226
2089 10145 6997
10145 2089 6997
509 4279 15161
4279 509 15161
8962 6274 29658
6274 8962 29658
5029 9360 26708
9360 5029 26708
8963 3447 2818
3447 8963 2818
8911 5259 8789
5259 8911 8789
1633 4 23226
4 1633 23226
6518 3227 5126
3227 6518 5126
2118 1668 6986
1668 2118 6986
8095 3868 23549
3868 8095 23549
10498 10060 21307
10060 10498 21307
5523 6178 6351
6178 5523 6351
3868 10055 25207
10055 3868 25207
7771 8964 21593
8964 7771 21593
429 986 20914
986 429 20914
7624 2378 13634
2378 7624 13634
10513 703 9909
703 10513 9909
9981 10001 18945
10001 9981 18945
8963 4151 4913
4151 8963 4913
4 972 767
972 4 767
9389 7399 22296
7399 9389 22296
2946 8726 6591
8726 2946 6591
4014 8693 28852
8693 4014 28852
5994 10275 16650
10275 5994 16650
2082 5922 1006
5922 2082 1006
1121 1079 7819
1079 1121 7819
10055 3076 3979
3076 10055 3979
9047 8167 18539
8167 9047 18539
6764 5294 25158
5294 6764 25158
1142 6657 25027
6657 1142 25027
4717 6484 6922
6484 4717 6922
1121 6059 1798
6059 1121 1798
6932 795 9920
795 6932 9920
7118 7775 6058
7775 7118 6058
995 5426 29551
5426 995 29551
6836 4078 7356
4078 6836 7356
4517 1385 17303
1385 4517 17303
4035 6533 9252
6533 4035 9252
644 3338 32275
3338 644 32275
174 2658 30402
2658 174 30402
6674 5727 21995
5727 6674 21995
6764 5835 9134
5835 6764 9134
2378 9588 724
9588 2378 724
644 7403 1344
7403 644 1344
5655 1418 20051
1418 5655 20051
3443 8110 13475
8110 3443 13475
2099 1369 17089
1369 2099 17089
5994 1777 26412
1777 5994 26412
10061 10284 8354
10284 10061 8354
4078 212 31917
212 4078 31917
6289 3161 13319
3161 6289 13319
6932 9299 10344
9299 6932 10344
9087 314 1784
314 9087 1784
8916 3203 9864
3203 8916 9864
5487 5973 3867
5973 5487 3867
1777 4446 28186
4446 1777 28186
7519 800 9228
800 7519 9228
2738 7953 21502
7953 2738 21502
5564 7945 6440
7945 5564 6440
5564 29 11596
29 5564 11596
5534 5968 4280
5968 5534 4280
7945 431 16414
431 7945 16414
2099 7362 22459
7362 2099 22459
5727 6925 18371
6925 5727 18371
2379 6086 8389
6086 2379 8389
10284 5424 3518
5424 10284 3518
7624 316 6572
316 7624 6572
800 10246 11044
10246 800 11044
7953 1580 27384
1580 7953 27384
3121 4879 32308
4879 3121 32308
2738 2445 335
2445 2738 335
8545 4249 20036
4249 8545 20036
2082 3328 24668
3328 2082 24668
7403 3663 3152
3663 7403 3152
5398 1880 31707
1880 5398 31707
2738 681 10446
681 2738 10446
984 8078 32465
8078 984 32465
3338 4236 10140
4236 3338 10140
6703 10290 21018
10290 6703 21018
6065 3695 283
3695 6065 283
8820 8292 27348
8292 8820 27348
10061 8457 3030
8457 10061 3030
972 8001 15954
8001 972 15954
3251 1763 11341
1763 3251 11341
9588 6680 31888
6680 9588 31888
6932 4655 28846
4655 6932 28846
8964 5047 13170
5047 8964 13170
1298 4913 7341
4913 1298 7341
4404 8112 3110
8112 4404 3110
8167 6753 3516
6753 8167 3516
9647 2410 16768
2410 9647 16768
8078 5629 23110
5629 8078 23110
2099 3633 2360
3633 2099 2360
314 9843 11972
9843 314 11972
2670 3982 17217
3982 2670 17217
6065 9890 16833
9890 6065 16833
126 1189 10683
1189 126 10683
1763 6331 21548
6331 1763 21548
7375 5097 16682
5097 7375 16682
4917 6262 9603
6262 4917 9603
2018 1939 15357
1939 2018 15357
4097 750 7101
750 4097 7101
5424 5093 13703
5093 5424 13703
6674 1898 11524
1898 6674 11524
750 4863 26612
4863 750 26612
3121 8170 28057
8170 3121 28057
6289 312 7657
312 6289 7657
2646 1542 3698
1542 2646 3698
4869 1720 27592
1720 4869 27592
6668 5949 10620
5949 6668 10620
4655 1391 1492
1391 4655 1492
8469 8124 32390
8124 8469 32390
6680 4046 8099
4046 6680 8099
2813 7478 20534
7478 2813 20534
997 6712 30377
6712 997 30377
5000 5262 29349
5262 5000 29349
7945 9397 19640
9397 7945 19640
10060 581 25960
581 10060 25960
6712 449 30928
449 6712 30928
8216 4911 4410
4911 8216 4410
8124 10385 9105
10385 8124 9105
5655 9389 1406
9389 5655 1406
6764 653 4649
653 6764 4649
750 1203 27729
1203 750 27729
10385 617 23965
617 10385 23965
4236 2464 27628
2464 4236 27628
4280 4740 28085
4740 4280 28085
5629 7266 25208
7266 5629 25208
6279 2675 22009
2675 6279 22009
6703 10079 26028
10079 6703 26028
7775 7433 6272
7433 7775 6272
7433 1988 16850
1988 7433 16850
6262 8992 9597
8992 6262 9597
1673 296 27639
296 1673 27639
9397 4278 32721
4278 9397 32721
2227 9244 2428
9244 2227 2428
4151 8295 3594
8295 4151 3594
6674 8956 25410
8956 6674 25410
1127 8172 7317
8172 1127 7317
4151 7804 25891
7804 4151 25891
9890 4781 16658
4781 9890 16658
1127 2986 14971
2986 1127 14971
9268 8448 30727
8448 9268 30727
7771 6736 16102
6736 7771 16102
7376 307 19815
307 7376 19815
4446 8502 26245
8502 4446 26245
6925 4148 30116
4148 6925 30116
8916 4416 873
4416 8916 873
417 5853 16456
5853 417 16456
2089 2916 30192
2916 2089 30192
5655 7037 3661
7037 5655 3661
4655 4546 29753
4546 4655 29753
417 1114 17832
1114 417 17832
10061 1886 14588
1886 10061 14588
703 4435 26813
4435 703 26813
6908 2653 9319
2653 6908 9319
7403 6701 21441
6701 7403 21441
2082 4232 14800
4232 2082 14800
4173 7920 31534
7920 4173 31534
6331 5279 31583
5279 6331 31583
7920 4156 11736
4156 7920 11736
986 903 246
903 986 246
6703 2466 8774
2466 6703 8774
10060 104 23048
104 10060 23048
10284 9820 19026
9820 10284 19026
1673 9534 25114
9534 1673 25114
1640 3956 22855
3956 1640 22855
4917 1163 15905
1163 4917 15905
1126 2653 26615
2653 1126 26615
2701 2506 19715
2506 2701 19715
6484 6959 32631
6959 6484 32631
2435 4277 32731
4277 2435 32731
8448 9719 24197
9719 8448 24197
6262 3650 24274
3650 6262 24274
9981 129 22220
129 9981 22220
4446 1572 1458
1572 4446 1458
6315 4934 30328
4934 6315 30328
4781 2704 12153
2704 4781 12153
8726 3273 10203
3273 8726 10203
3663 4771 2704
4771 3663 2704
6674 6759 21527
6759 6674 21527
509 5891 6013
5891 509 6013
431 2666 14082
2666 431 14082
9843 8470 21027
8470 9843 21027
6178 5833 16834
5833 6178 16834
1186 2887 27119
2887 1186 27119
1633 728 30420
728 1633 30420
417 9331 26494
9331 417 26494
6764 9885 25978
9885 6764 25978
10001 9350 24231
9350 10001 24231
7263 2907 9156
2907 7263 9156
2646 8824 16878
8824 2646 16878
4232 2009 11696
2009 4232 11696
8292 6187 10434
6187 8292 10434
5523 4483 13589
4483 5523 13589
4278 10188 27678
10188 4278 27678
126 9492 338
9492 126 338
2653 9744 30047
9744 2653 30047
8167 346 20225
346 8167 20225
2701 3877 2414
3877 2701 2414
2082 7839 32531
7839 2082 32531
1391 6220 20117
6220 1391 20117
2658 7851 8743
7851 2658 8743
3868 1362 21903
1362 3868 21903
5262 4745 22522
4745 5262 22522
8963 3244 7863
3244 8963 7863
986 5230 25658
5230 986 25658
212 9749 31331
9749 212 31331
6925 491 4397
491 6925 4397
3328 1007 20427
1007 3328 20427
6925 1630 19943
1630 6925 19943
5398 3529 22547
3529 5398 22547
2987 8042 14590
8042 2987 14590
1673 7105 17223
7105 1673 17223
2658 6586 18950
6586 2658 18950
8170 7137 7024
7137 8170 7024
6836 7210 23350
7210 6836 23350
4404 7482 7693
7482 4404 7693
6753 8548 16900
8548 6753 16900
5097 8751 16014
8751 5097 16014
4869 7958 16545
7958 4869 16545
2670 9519 9385
9519 2670 9385
2435 4077 13200
4077 2435 13200
7403 3938 20382
3938 7403 20382
6086 9452 17881
9452 6086 17881
9843 8694 9161
8694 9843 9161
8112 3650 31620
3650 8112 31620
9951 4201 6668
4201 9951 6668
5059 5329 21846
5329 5059 21846
449 6641 8444
6641 449 8444
2047 630 533
630 2047 533
1880 3678 3545
3678 1880 3545
6753 890 20662
890 6753 20662
5534 3411 20398
3411 5534 20398
6759 7270 13374
7270 6759 13374
7775 6983 313
6983 7775 313
10513 4255 30025
4255 10513 30025
2089 6269 1635
6269 2089 1635
903 5011 30313
5011 903 30313
9047 259 10352
259 9047 10352
312 2746 2015
2746 312 2015
4934 152 12339
152 4934 12339
1777 8907 31839
8907 1777 31839
996 9450 24553
9450 996 24553
5426 1383 21461
1383 5426 21461
6289 9853 30342
9853 6289 30342
9823 1041 12913
1041 9823 12913
9389 9579 9367
9579 9389 9367
3121 8252 18781
8252 3121 18781
104 7109 7952
7109 104 7952
9194 8722 9191
8722 9194 9191
8042 9350 22160
9350 8042 22160
5853 325 18189
325 5853 18189
4232 8006 23054
8006 4232 23054
6391 6369 2729
6369 6391 2729
10475 9267 8679
9267 10475 8679
4279 1502 23211
1502 4279 23211
212 9772 31937
9772 212 31937
10475 6943 29739
6943 10475 29739
7105 6632 10697
6632 7105 10697
2946 2105 1334
2105 2946 1334
6753 9305 25643
9305 6753 25643
7958 7748 10141
7748 7958 10141
449 7768 20954
7768 449 20954
728 9615 20023
9615 728 20023
1629 7678 31752
7678 1629 31752
10290 10249 14675
10249 10290 14675
8722 10189 16849
10189 8722 16849
4917 7868 12873
7868 4917 12873
4151 7725 9743
7725 4151 9743
9350 2222 30578
2222 9350 30578
346 2801 32594
2801 346 32594
3982 5670 14567
5670 3982 14567
6220 6094 32105
6094 6220 32105
2222 3635 7131
3635 2222 7131
9853 10085 14859
10085 9853 14859
8907 3483 15732
3483 8907 15732
4201 6766 12914
6766 4201 12914
1559 9670 28508
9670 1559 28508
6943 7132 9745
7132 6943 9745
4934 1866 14223
1866 4934 14223
3121 5925 31406
5925 3121 31406
9853 2424 18964
2424 9853 18964
9360 1854 124
1854 9360 124
2254 5548 3736
5548 2254 3736
8469 2078 20750
2078 8469 20750
8911 3985 7463
3985 8911 7463
2946 2362 6720
2362 2946 6720
3951 1615 17533
1615 3951 17533
7725 84 611
84 7725 611
4097 10083 29091
10083 4097 29091
10189 2027 1358
2027 10189 1358
1298 8548 970
8548 1298 970
6701 7947 16930
7947 6701 16930
7372 503 2225
503 7372 2225
800 5653 16362
5653 800 16362
9670 2554 23792
2554 9670 23792
3982 9066 17241
9066 3982 17241
6680 7067 2302
7067 6680 2302
6836 3384 31311
3384 6836 31311
2118 5119 16084
5119 2118 16084
5994 4811 4593
4811 5994 4593
8110 4746 25963
4746 8110 25963
6289 1279 21120
1279 6289 21120
5262 1336 30362
1336 5262 30362
7132 3570 10278
3570 7132 10278
2362 1060 26868
1060 2362 26868
4232 6872 8816
6872 4232 8816
3161 3396 17075
3396 3161 17075
152 7872 31811
7872 152 31811
1189 373 5086
373 1189 5086
8110 9710 15445
9710 8110 15445
6274 133 17700
133 6274 17700
7775 4432 673
4432 7775 673
3244 7637 13860
7637 3244 13860
6220 247 12617
247 6220 12617
2099 506 24856
506 2099 24856
9389 2901 24545
2901 9389 24545
6712 917 29474
917 6712 29474
8292 1583 32290
1583 8292 32290
7945 4418 20393
4418 7945 20393
6809 9944 18280
9944 6809 18280
1186 2203 6787
2203 1186 6787
8911 6389 14994
6389 8911 14994
7748 4573 30698
4573 7748 30698
314 7846 16923
7846 314 16923
1079 9627 615
9627 1079 615
5949 6583 9857
6583 5949 9857
2701 6058 22071
6058 2701 22071
6586 6838 22875
6838 6586 22875
8252 7148 20184
7148 8252 20184
5973 8101 12713
8101 5973 12713
10246 7032 32448
7032 10246 32448
1763 426 25155
426 1763 25155
4917 8024 21103
8024 4917 21103
3396 5207 22899
5207 3396 22899
10079 5655 1875
5655 10079 1875
10083 5267 25888
5267 10083 25888
4917 6336 29761
6336 4917 29761
9047 9312 30993
9312 9047 30993
1203 5830 25705
5830 1203 25705
3868 4330 23857
4330 3868 23857
594 9380 18191
9380 594 18191
3985 2496 26588
2496 3985 26588
1763 6200 1396
6200 1763 1396
4330 10019 19616
10019 4330 19616
3396 8859 15790
8859 3396 15790
2907 3172 495
3172 2907 495
4869 2300 15462
2300 4869 15462
6086 2772 24767
2772 6086 24767
7920 5124 10419
5124 7920 10419
7376 562 30468
562 7376 30468
5994 2636 15493
2636 5994 15493
6262 3977 8838
3977 6262 8838
6331 5650 26979
5650 6331 26979
4432 5144 31630
5144 4432 31630
5853 10313 15469
10313 5853 15469
7263 9444 28492
9444 7263 28492
2203 6611 1497
6611 2203 1497
2203 947 14358
947 2203 14358
2328 8273 1893
8273 2328 1893
7748 1269 13765
1269 7748 13765
3447 7492 2680
7492 3447 2680
9444 5924 4826
5924 9444 4826
7637 4016 2534
4016 7637 2534
2254 1999 13116
1999 2254 13116
1866 4428 25747
4428 1866 25747
6289 9905 12195
9905 6289 12195
6094 1037 9577
1037 6094 9577
1298 2655 11537
2655 1298 11537
1279 6330 8794
6330 1279 8794
5523 10360 16870
10360 5523 16870
104 712 22384
712 104 22384
9627 1201 25204
1201 9627 25204
6315 8980 17416
8980 6315 17416
3650 5652 3358
5652 3650 3358
5853 251 32726
251 5853 32726
4811 651 12898
651 4811 12898
4278 7394 2634
7394 4278 2634
9312 6762 12136
6762 9312 12136
5830 380 21082
380 5830 21082
8470 853 12768
853 8470 12768
4173 2756 28145
2756 4173 28145
1269 6841 4703
6841 1269 4703
630 9337 16234
9337 630 16234
4016 9862 11895
9862 4016 11895
9820 3410 11483
3410 9820 11483
2378 5810 7737
5810 2378 7737
2901 5388 24620
5388 2901 24620
3938 2516 22767
2516 3938 22767
5548 3178 6174
3178 5548 6174
104 9409 2850
9409 104 2850
5910 4822 12754
4822 5910 12754
9820 7722 5199
7722 9820 5199
2378 7880 3958
7880 2378 3958
5059 1699 27864
1699 5059 27864
6703 3301 11294
3301 6703 11294
7263 7461 9491
7461 7263 9491
5426 3156 22001
3156 5426 22001
7920 7033 21639
7033 7920 21639
1886 8970 32563
8970 1886 32563
2756 6949 15535
6949 2756 15535
1572 54 11224
54 1572 11224
9905 494 9446
494 9905 9446
506 2989 1182
2989 506 1182
7478 10408 7492
10408 7478 7492
4655 10524 23008
10524 4655 23008
4046 7575 29842
7575 4046 29842
2739 5042 12195
5042 2739 12195
644 3315 20897
3315 644 20897
4005 2663 6544
2663 4005 6544
2663 3504 6825
3504 2663 6825
9749 9222 2252
9222 9749 2252
6611 9042 13692
9042 6611 13692
6932 8493 1781
8493 6932 1781
651 4400 16810
4400 651 16810
2636 6420 175
6420 2636 175
8722 123 18929
123 8722 18929
9981 2317 1924
2317 9981 1924
3227 5229 7308
5229 3227 7308
7637 9639 9727
9639 7637 9727
6712 4770 4667
4770 6712 4667
4404 943 21071
943 4404 21071
5229 6837 6684
6837 5229 6684
10085 3458 2774
3458 10085 2774
3328 437 29873
437 3328 29873
9305 1502 1387
1502 9305 1387
54 127 12955
127 54 12955
9890 6704 25920
6704 9890 25920
986 8740 23554
8740 986 23554
2666 3301 29856
3301 2666 29856
9268 4493 11160
4493 9268 11160
1060 3370 14090
3370 1060 14090
2089 5817 5300
5817 2089 5300
3384 2163 7506
2163 3384 7506
54 6320 28170
6320 54 28170
2425 2293 2252
2293 2425 2252
6949 9810 8922
9810 6949 8922
1201 1226 27567
1226 1201 27567
3628 9409 19120
9409 3628 19120
5564 1630 1076
1630 5564 1076
9337 376 3092
376 9337 3092
1142 362 15641
362 1142 15641
9360 10313 18605
10313 9360 18605
5000 6284 31124
6284 5000 31124
6809 8664 20940
8664 6809 20940
5670 8 19414
8 5670 19414
8024 3996 23134
3996 8024 23134
4249 7824 7342
7824 4249 7342
5000 10335 6062
10335 5000 6062
853 285 28661
285 853 28661
1633 4766 5247
4766 1633 5247
6289 59 1214
59 6289 1214
5523 3347 12904
3347 5523 12904
2362 4316 24963
4316 2362 24963
8042 1911 17277
1911 8042 17277
8493 8877 15304
8877 8493 15304
9299 5005 6818
5005 9299 6818
8751 4228 26606
4228 8751 26606
10313 6933 31517
6933 10313 31517
5029 92 26915
92 5029 26915
9862 2295 64
2295 9862 64
8493 7919 8888
7919 8493 8888
8172 6528 31821
6528 8172 31821
8726 6593 25414
6593 8726 25414
1127 4343 31190
4343 1127 31190
9666 5527 22368
5527 9666 22368
10291 463 3401
463 10291 3401
9944 413 13521
413 9944 13521
8101 7528 3180
7528 8101 3180
4156 7360 28813
7360 4156 28813
4418 433 8178
433 4418 8178
495 1942 24798
1942 495 24798
380 5651 1907
5651 380 1907
1699 6632 6780
6632 1699 6780
6838 659 25194
659 6838 25194
3396 6911 29321
6911 3396 29321
2424 8981 28934
8981 2424 28934
10249 9239 10412
9239 10249 10412
3628 3355 5619
3355 3628 5619
9312 4522 9149
4522 9312 9149
251 8054 32357
8054 251 32357
6753 7370 12487
7370 6753 12487
3178 3309 18441
3309 3178 18441
10083 7894 10049
7894 10083 10049
247 453 21678
453 247 21678
1336 6435 1746
6435 1336 1746
6611 4315 18877
4315 6611 18877
1418 7472 25089
7472 1418 25089
2099 67 3548
67 2099 3548
4151 1938 1687
1938 4151 1687
594 8967 339
8967 594 339
7137 6056 8097
6056 7137 8097
1630 9020 15877
9020 1630 15877
10079 7626 22098
7626 10079 22098
3635 852 29215
852 3635 29215
7109 9833 3647
9833 7109 3647
6641 422 29903
422 6641 29903
5650 6956 3739
6956 5650 3739
8824 10409 5788
10409 8824 5788
2018 7754 3463
7754 2018 3463
9316 1019 30515
1019 9316 30515
5093 8830 29587
8830 5093 29587
10019 6072 26829
6072 10019 26829
9574 4310 7420
4310 9574 7420
9890 35 11638
35 9890 11638
8562 8161 11090
8161 8562 11090
10158 2872 13528
2872 10158 13528
7725 8169 30084
8169 7725 30084
10309 385 356
385 10309 356
8859 7714 7567
7714 8859 7567
3635 4748 4576
4748 3635 4576
7958 10158 6709
10158 7958 6709
9772 3987 10445
3987 9772 10445
376 5973 26768
5973 376 26768
8442 773 7458
773 8442 7458
997 477 27743
477 997 27743
2300 3991 6212
3991 2300 6212
3996 9068 5972
9068 3996 5972
3458 6041 21331
6041 3458 21331
426 3644 3801
3644 426 3801
7478 9744 6678
9744 7478 6678
972 4357 1279
4357 972 1279
9222 1136 9272
1136 9222 9272
126 9002 9360
9002 126 9360
3443 9874 17801
9874 3443 17801
7210 1665 6533
1665 7210 6533
7872 4290 7301
4290 7872 7301
3203 4718 13900
4718 3203 13900
3405 5871 21078
5871 3405 21078
7270 2543 19354
2543 7270 19354
3956 297 16890
297 3956 16890
4151 7074 19396
7074 4151 19396
4400 5136 1128
5136 4400 1128
2704 4698 5080
4698 2704 5080
6704 7118 32188
7118 6704 32188
947 466 997
466 947 997
9222 1745 11221
1745 9222 11221
986 6111 15665
6111 986 15665
3328 6503 12528
6503 3328 12528
9305 4042 14429
4042 9305 14429
6586 9402 29980
9402 6586 29980
9647 9526 16024
9526 9647 16024
3347 5620 20382
5620 3347 20382
8722 2546 30830
2546 8722 30830
1999 6356 1440
6356 1999 1440
6657 8 2538
8 6657 2538
6586 1594 7619
1594 6586 7619
2078 4095 26353
4095 2078 26353
4172 1832 8293
1832 4172 8293
9397 8575 31778
8575 9397 31778
7768 3623 27319
3623 7768 27319
2887 4559 18344
4559 2887 18344
5000 10041 20233
10041 5000 20233
7266 2922 23229
2922 7266 23229
1633 5104 26305
5104 1633 26305
3370 8994 18377
8994 3370 18377
8358 2047 19204
2047 8358 19204
5487 7278 2666
7278 5487 2666
7263 7773 28408
7773 7263 28408
104 3212 19910
3212 104 19910
7945 4250 8995
4250 7945 8995
9244 6356 27381
6356 9244 27381
5655 9031 27484
9031 5655 27484
9890 4988 23649
4988 9890 23649
7868 4166 22849
4166 7868 22849
4698 2656 1141
2656 4698 1141
5059 8810 6965
8810 5059 6965
9588 1315 21744
1315 9588 21744
7575 741 29768
741 7575 29768
6269 3259 29107
3259 6269 29107
8562 7994 27562
7994 8562 27562
8575 1837 9452
1837 8575 9452
8664 1553 17000
1553 8664 17000
773 2295 13278
2295 773 13278
10346 919 13476
919 10346 13476
6611 6737 10944
6737 6611 10944
4357 996 18325
996 4357 18325
362 7867 23405
7867 362 23405
8545 7735 30692
7735 8545 30692
5810 9186 24015
9186 5810 24015
6680 7445 5190
7445 6680 5190
9305 9948 12883
9948 9305 12883
4740 3967 32354
3967 4740 32354
6187 2625 1478
2625 6187 1478
4078 9577 107
9577 4078 107
7478 1215 21353
1215 7478 21353
8562 8459 28649
8459 8562 28649
7519 1846 3363
1846 7519 3363
10408 5996 1710
5996 10408 1710
7105 4697 23319
4697 7105 23319
2653 9103 16624
9103 2653 16624
653 7185 15110
7185 653 15110
6933 4738 15342
4738 6933 15342
2009 141 7492
141 2009 7492
1866 3964 4794
3964 1866 4794
314 5026 24630
5026 314 24630
9749 7995 7928
7995 9749 7928
4416 6160 3200
6160 4416 3200
2801 3358 25008
3358 2801 25008
8078 4165 17270
4165 8078 17270
503 3234 15495
3234 503 15495
7824 3993 15984
3993 7824 15984
10083 7146 7677
7146 10083 7677
6330 4611 22793
4611 6330 22793
3405 728 25470
728 3405 25470
5000 4502 14713
4502 5000 14713
1383 10041 2667
10041 1383 2667
7360 250 4483
250 7360 4483
5652 4028 25956
4028 5652 25956
314 7418 30639
7418 314 30639
9670 1112 32124
1112 9670 32124
10408 10142 19409
10142 10408 19409
2435 4899 7968
4899 2435 7968
6586 6901 19199
6901 6586 19199
9047 5656 24780
5656 9047 24780
5229 4716 13963
4716 5229 13963
6632 1623 17909
1623 6632 17909
8095 5596 3739
5596 8095 3739
2916 2145 2726
2145 2916 2726
581 8392 11384
8392 581 11384
466 3410 13503
3410 466 13503
2099 6185 20902
6185 2099 20902
5924 94 19940
94 5924 19940
7370 4908 22626
4908 7370 22626
4097 6995 13679
6995 4097 13679
9087 8225 26400
8225 9087 26400
8562 4978 23563
4978 8562 23563
1745 4143 11291
4143 1745 11291
4016 9972 708
9972 4016 708
7266 5056 1811
5056 7266 1811
4822 380 21926
380 4822 21926
4330 888 30415
888 4330 30415
3868 2419 32331
2419 3868 32331
6949 4945 27902
4945 6949 27902
644 7116 9442
7116 644 9442
723 8842 9867
8842 723 9867
3076 1416 22168
1416 3076 22168
8877 9325 8066
9325 8877 8066
6949 10080 32362
10080 6949 32362
1594 6675 270
6675 1594 270
5029 6853 6597
6853 5029 6597
4316 374 19786
374 4316 19786
3301 9137 9348
9137 3301 9348
3967 7642 24527
7642 3967 24527
5994 6194 28715
6194 5994 28715
8980 6483 27455
6483 8980 27455
2916 7108 18540
7108 2916 18540
795 4109 15182
4109 795 15182
6995 2696 31583
2696 6995 31583
4 2969 32748
2969 4 32748
1580 7400 9712
7400 1580 9712
2185 754 4510
754 2185 4510
852 2742 5487
2742 852 5487
6932 9232 18478
9232 6932 18478
9020 499 13645
499 9020 13645
7375 8490 29746
8490 7375 29746
3991 8198 27742
8198 3991 27742
4343 8544 8480
8544 4343 8480
10513 1377 3912
1377 10513 3912
8830 4408 18664
4408 8830 18664
7626 4482 13788
4482 7626 13788
1988 8356 25414
8356 1988 25414
6336 5835 24462
5835 6336 24462
3121 8402 2643
8402 3121 2643
1186 3037 30538
3037 1186 30538
7278 6691 6903
6691 7278 6903
453 7419 336
7419 453 336
1898 6760 4940
6760 1898 4940
8042 1471 7661
1471 8042 7661
2293 6866 18960
6866 2293 18960
2801 2578 8730
2578 2801 8730
3956 4405 16826
4405 3956 16826
4934 1888 25456
1888 4934 25456
2027 9965 7894
9965 2027 7894
1203 5240 1780
5240 1203 1780
10408 3985 31904
3985 10408 31904
8545 2129 15007
2129 8545 15007
2078 7965 19498
7965 2078 19498
84 8954 20411
8954 84 20411
3037 3886 26984
3886 3037 26984
8830 5763 16482
5763 8830 16482
1074 5249 28403
5249 1074 28403
7148 5516 21696
5516 7148 21696
5656 10007 23663
10007 5656 23663
7394 2947 27895
2947 7394 27895
4278 5923 11464
5923 4278 11464
7773 7675 31394
7675 7773 31394
712 7074 20688
7074 712 20688
3678 3039 371
3039 3678 371
362 544 30685
544 362 30685
681 5723 6248
5723 681 6248
1136 1315 29556
1315 1136 29556
422 3306 28026
3306 422 28026
1110 9130 9263
9130 1110 9263
285 6821 19426
6821 285 19426
1383 6586 3417
6586 1383 3417
2089 7347 10557
7347 2089 10557
7995 7920 14835
7920 7995 14835
10007 392 22592
392 10007 22592
6094 3918 22818
3918 6094 22818
2696 2112 16309
2112 2696 16309
843 5226 12603
5226 843 12603
5229 6482 27379
6482 5229 27379
4517 2703 4063
2703 4517 4063
8493 9500 1309
9500 8493 1309
1110 1323 745
1323 1110 745
6533 7181 25283
7181 6533 25283
429 10090 14622
10090 429 14622
653 902 13749
902 653 13749
3982 1719 15065
1719 3982 15065
84 10497 30001
10497 84 30001
2701 9897 2609
9897 2701 2609
4250 9508 30900
9508 4250 30900
3951 2565 30537
2565 3951 30537
4151 10411 19982
10411 4151 19982
3868 7978 24769
7978 3868 24769
4766 8677 909
8677 4766 909
8295 472 395
472 8295 395
4740 9492 1372
9492 4740 1372
9103 774 9362
774 9103 9362
7461 9457 22886
9457 7461 22886
8110 5188 27630
5188 8110 27630
8981 1 1892
1 8981 1892
8295 9507 7320
9507 8295 7320
4232 9893 25301
9893 4232 25301
64 877 24808
877 64 24808
6369 812 19223
812 6369 19223
10060 2695 827
2695 10060 827
10019 2256 23005
2256 10019 23005
7266 4231 3976
4231 7266 3976
2047 1633 29353
1633 2047 29353
7678 2786 26086
2786 7678 26086
7148 10258 17959
10258 7148 17959
466 1231 24859
1231 466 24859
5136 4311 12908
4311 5136 12908
2922 3067 7125
3067 2922 7125
5267 7770 1412
7770 5267 1412
3328 3232 25629
3232 3328 25629
1383 2139 6633
2139 1383 6633
4028 9226 24607
9226 4028 24607
6668 2378 7331
2378 6668 7331
1888 773 6242
773 1888 6242
3633 5045 6981
5045 3633 6981
9031 1531 23297
1531 9031 23297
4493 4260 19470
4260 4493 19470
1629 690 2181
690 1629 2181
2979 5425 27857
5425 2979 27857
5835 5546 9836
5546 5835 9836
10007 4549 9579
4549 10007 9579
4483 10421 23695
10421 4483 23695
3650 3023 8434
3023 3650 8434
3633 8876 6610
8876 3633 6610
9719 5477 7407
5477 9719 7407
2419 8744 20971
8744 2419 20971
1502 5855 4147
5855 1502 4147
296 783 26924
783 296 26924
2969 8823 21285
8823 2969 21285
9305 4458 17545
4458 9305 17545
3156 354 29095
354 3156 29095
4404 6750 25423
6750 4404 25423
10385 253 4832
253 10385 4832
7146 1036 13648
1036 7146 13648
1060 4361 15748
4361 1060 15748
681 9786 23408
9786 681 23408
129 2258 16253
2258 129 16253
5855 7370 31177
7370 5855 31177
1315 7695 13821
7695 1315 13821
6736 3934 2548
3934 6736 2548
10142 2730 12126
2730 10142 12126
8042 5120 265
5120 8042 265
9666 9920 12896
9920 9666 12896
6837 8519 28796
8519 6837 28796
6762 8621 11938
8621 6762 11938
659 3386 23007
3386 659 23007
4811 4484 2159
4484 4811 2159
8664 5411 3375
5411 8664 3375
2105 8302 9769
8302 2105 9769
7278 7005 26175
7005 7278 26175
2701 6525 12290
6525 2701 12290
5910 4679 26954
4679 5910 26954
7362 3113 8903
3113 7362 8903
6837 2237 26605
2237 6837 26605
6704 2750 31965
2750 6704 31965
2655 765 20198
765 2655 20198
2464 6402 14535
6402 2464 14535
5042 3795 21100
3795 5042 21100
2496 8484 2766
8484 2496 2766
1880 8227 12808
8227 1880 12808
1777 907 32674
907 1777 32674
6315 4897 3624
4897 6315 3624
10080 4969 14346
4969 10080 14346
4277 4643 6382
4643 4277 6382
7722 6678 8704
6678 7722 8704
152 5359 6370
5359 152 6370
4109 5152 18889
5152 4109 18889
2362 2530 3991
2530 2362 3991
417 2297 15854
2297 417 15854
7695 295 12125
295 7695 12125
6632 1201 5919
1201 6632 5919
7370 4175 29331
4175 7370 29331
9744 1425 4449
1425 9744 4449
8124 9724 27718
9724 8124 27718
9833 8051 22045
8051 9833 22045
9534 313 7436
313 9534 7436
8112 7490 12011
7490 8112 12011
104 4744 2151
4744 104 2151
1074 3005 26408
3005 1074 26408
5835 1797 17941
1797 5835 17941
1189 6995 14012
6995 1189 14012
8095 9441 10255
9441 8095 10255
1580 9631 15000
9631 1580 15000
5425 3098 6449
3098 5425 6449
7519 8586 20443
8586 7519 20443
4697 186 25020
186 4697 25020
1037 7795 11412
7795 1037 11412
3005 5966 22055
5966 3005 22055
4109 8689 23972
8689 4109 23972
7678 903 27146
903 7678 27146
6583 1147 29484
1147 6583 29484
2546 5677 1028
5677 2546 1028
8664 10225 11652
10225 8664 11652
9305 5210 4319
5210 9305 4319
2646 5852 31416
5852 2646 31416
1665 6102 880
6102 1665 880
8198 5650 6387
5650 8198 6387
5833 7099 31703
7099 5833 31703
9450 8641 19567
8641 9450 19567
422 9381 3124
9381 422 3124
7725 5157 22450
5157 7725 22450
5871 382 18925
382 5871 18925
943 7873 23370
7873 943 23370
4698 3098 25099
3098 4698 25099
6391 8418 32326
8418 6391 32326
296 9693 3179
9693 296 3179
6956 7854 21274
7854 6956 21274
7074 5473 19625
5473 7074 19625
59 8948 25781
8948 59 25781
285 5163 16659
5163 285 16659
3985 2839 17896
2839 3985 17896
9862 5319 7945
5319 9862 7945
4698 5452 29054
5452 4698 29054
6389 9237 14734
9237 6389 14734
7074 10524 21388
10524 7074 21388
8110 4807 23035
4807 8110 23035
5910 6316 1245
6316 5910 1245
8 3228 7188
3228 8 7188
6059 1920 10128
1920 6059 10128
6483 1772 13804
1772 6483 13804
8167 1606 63
1606 8167 63
35 538 26972
538 35 26972
5047 2690 26950
2690 5047 26950
1269 4857 8183
4857 1269 8183
6764 3352 9731
3352 6764 9731
7370 8842 13254
8842 7370 13254
9823 4571 31272
4571 9823 31272
7109 6094 30252
6094 7109 30252
186 3371 19827
3371 186 19827
6200 102 29638
102 6200 29638
3309 2920 7791
2920 3309 7791
3234 8821 3872
8821 3234 3872
2295 783 9986
783 2295 9986
9380 372 9619
372 9380 9619
1377 3793 27638
3793 1377 27638
5207 7484 22708
7484 5207 22708
7362 2386 3270
2386 7362 3270
6853 2788 7184
2788 6853 7184
3405 604 6991
604 3405 6991
382 4348 6697
4348 382 6697
296 5255 6967
5255 296 6967
1019 6550 13562
6550 1019 13562
9031 3726 5926
3726 9031 5926
9639 6478 9572
6478 9639 9572
1846 6300 3625
6300 1846 3625
6703 9244 23123
9244 6703 23123
1583 7175 26070
7175 1583 26070
144 6068 894
6068 144 894
259 8416 7687
8416 259 7687
4483 9582 32013
9582 4483 32013
774 6197 18761
6197 774 18761
5045 6879 26767
6879 5045 26767
5249 2372 22865
2372 5249 22865
129 4785 29946
4785 129 29946
307 7255 12564
7255 307 12564
9951 9743 31418
9743 9951 31418
2704 566 13911
566 2704 13911
7118 967 29171
967 7118 29171
4863 7235 23250
7235 4863 23250
7394 1186 14460
1186 7394 14460
9508 1228 22839
1228 9508 22839
6932 6760 27207
6760 6932 27207
3121 6372 15552
6372 3121 15552
7675 5521 2609
5521 7675 2609
8054 57 18964
57 8054 18964
6316 1633 12902
1633 6316 12902
8689 3519 5785
3519 8689 5785
6641 6978 19174
6978 6641 19174
2730 7490 6039
7490 2730 6039
3386 8283 10701
8283 3386 10701
9452 7871 17588
7871 9452 17588
7995 3476 21605
3476 7995 21605
1898 4902 8619
4902 1898 8619
3977 5411 10548
5411 3977 10548
7037 8779 12635
8779 7037 12635
3076 6743 23166
6743 3076 23166
1846 2648 2164
2648 1846 2164
1633 6891 7670
6891 1633 7670
9853 9110 109
9110 9853 109
2739 8261 8595
8261 2739 8595
1215 8133 31632
8133 1215 31632
8292 3864 32448
3864 8292 32448
8689 6436 20790
6436 8689 20790
4405 8822 23654
8822 4405 23654
907 5822 26000
5822 907 26000
5011 7972 1405
7972 5011 1405
4978 2968 12941
2968 4978 12941
5119 8367 15654
8367 5119 15654
7754 5608 12217
5608 7754 12217
6983 10487 23168
10487 6983 23168
4897 4596 9519
4596 4897 9519
10060 82 1462
82 10060 1462
9574 9823 6647
9823 9574 6647
376 5406 7410
5406 376 7410
141 7970 18523
7970 141 18523
8962 10436 9023
10436 8962 9023
4148 10192 25377
10192 4148 25377
1136 2461 29822
2461 1136 29822
429 7415 3246
7415 429 3246
8876 8066 8441
8066 8876 8441
2018 937 15731
937 2018 15731
919 4928 6203
4928 919 6203
3982 4244 2368
4244 3982 2368
7804 6314 32309
6314 7804 32309
9350 9213 19272
9213 9350 19272
5452 4544 30426
4544 5452 30426
3301 5752 20222
5752 3301 20222
8051 8021 13231
8021 8051 13231
4869 2690 8215
2690 4869 8215
9402 8254 27664
8254 9402 27664
852 4649 22089
4649 852 22089
1377 8517 29713
8517 1377 29713
7375 3245 431
3245 7375 431
8502 9750 12100
9750 8502 12100
6764 5855 25296
5855 6764 25296
6111 6100 29642
6100 6111 29642
9574 4305 26038
4305 9574 26038
316 7204 26492
7204 316 26492
6959 9419 31146
9419 6959 31146
2372 6745 17424
6745 2372 17424
5424 5685 26463
5685 5424 26463
3650 7064 4228
7064 3650 4228
8689 5977 17847
5977 8689 17847
4035 9591 3379
9591 4035 3379
3396 9170 12651
9170 3396 12651
1226 4088 7520
4088 1226 7520
2516 8242 1591
8242 2516 1591
4458 4543 13348
4543 4458 13348
6483 8998 6241
8998 6483 6241
10409 9779 1012
9779 10409 1012
9312 486 25515
486 9312 25515
5727 9468 14148
9468 5727 14148
2675 754 24849
754 2675 24849
5835 9350 7665
9350 5835 7665
8744 1639 18155
1639 8744 18155
2987 7405 20081
7405 2987 20081
5996 10013 28486
10013 5996 28486
9749 6010 2819
6010 9749 2819
4109 3305 3720
3305 4109 3720
6841 953 6734
953 6841 6734
4249 6265 22729
6265 4249 22729
7445 2285 56
2285 7445 56
9893 6533 15971
6533 9893 15971
6356 9088 28370
9088 6356 28370
3405 6595 6302
6595 3405 6302
8859 3379 12466
3379 8859 12466
4087 4012 1422
4012 4087 1422
472 4689 1299
4689 472 1299
5207 9921 24186
9921 5207 24186
2756 2367 15247
2367 2756 15247
812 5082 13922
5082 812 13922
3272 3145 8275
3145 3272 8275
1594 736 13954
736 1594 13954
7394 1755 19224
1755 7394 19224
8548 4176 3297
4176 8548 3297
4156 1856 29259
1856 4156 29259
5596 4901 1354
4901 5596 1354
9299 3098 20776
3098 9299 20776
10284 8743 24397
8743 10284 24397
9582 9036 19126
9036 9582 19126
3956 10418 5133
10418 3956 5133
10385 2875 3295
2875 10385 3295
7775 2712 5384
2712 7775 5384
4879 6843 24097
6843 4879 24097
4109 3747 10536
3747 4109 10536
4738 2359 17800
2359 4738 17800
6100 8295 32686
8295 6100 32686
6764 9911 12273
9911 6764 12273
3121 5990 26844
5990 3121 26844
2636 7631 26311
7631 2636 26311
4416 1774 29296
1774 4416 29296
2666 7053 27572
7053 2666 27572
1999 9564 31300
9564 1999 31300
3161 4113 27142
4113 3161 27142
373 3961 13235
3961 373 13235
2907 4480 14764
4480 2907 14764
8112 459 11412
459 8112 11412
2295 4616 14624
4616 2295 14624
1060 3842 9449
3842 1060 9449
4416 1629 23193
1629 4416 23193
8956 1852 6292
1852 8956 6292
4432 4323 30287
4323 4432 30287
4165 1061 15534
1061 4165 15534
10013 959 5830
959 10013 5830
3251 6934 31323
6934 3251 31323
3306 1381 21842
1381 3306 21842
9577 31 12070
31 9577 12070
4502 5625 19542
5625 4502 19542
703 4833 16206
4833 703 16206
8980 6671 29155
6671 8980 29155
5000 9719 24725
9719 5000 24725
5651 5765 10447
5765 5651 10447
8124 161 1115
161 8124 1115
2648 4761 20312
4761 2648 20312
7868 4644 32319
4644 7868 32319
1583 7984 23014
7984 1583 23014
986 3071 114
3071 986 114
6668 6137 28055
6137 6668 28055
8469 7742 22913
7742 8469 22913
3005 6917 16780
6917 3005 16780
2872 7399 5956
7399 2872 5956
6837 5322 7998
5322 6837 7998
3633 9535 24879
9535 3633 24879
2746 6135 31033
6135 2746 31033
2227 7458 4159
7458 2227 4159
6995 5916 3346
5916 6995 3346
8273 1191 21808
1191 8273 21808
4432 7186 12408
7186 4432 12408
8356 3248 11721
3248 8356 11721
7637 4525 4776
4525 7637 4776
3443 5783 4184
5783 3443 4184
6086 4935 12979
4935 6086 12979
7880 1260 8379
1260 7880 8379
4435 7979 24659
7979 4435 24659
6934 113 1157
113 6934 1157
9582 8697 8256
8697 9582 8256
4173 9883 5152
9883 4173 5152
10475 322 3661
322 10475 3661
3203 7124 17661
7124 3203 17661
1362 4449 9899
4449 1362 9899
2648 3760 19759
3760 2648 19759
3098 10123 3367
10123 3098 3367
8470 5405 15110
5405 8470 15110
5487 2766 17477
2766 5487 17477
4249 9436 7045
9436 4249 7045
3982 2612 8053
2612 3982 8053
750 7245 24773
7245 750 24773
3379 9422 25324
9422 3379 25324
3037 3431 5542
3431 3037 5542
8242 7049 18614
7049 8242 18614
3864 6769 7771
6769 3864 7771
5230 124 22044
124 5230 22044
8911 9127 23989
9127 8911 23989
10158 1297 23937
1297 10158 23937
8418 10236 9533
10236 8418 9533
6595 8886 2101
8886 6595 2101
6356 4036 27251
4036 6356 27251
800 3812 8437
3812 800 8437
703 4 26067
4 703 26067
8621 883 25358
883 8621 25358
3306 7468 4213
7468 3306 4213
6265 3960 7010
3960 6265 7010
4260 7782 31572
7782 4260 31572
4172 10186 16315
10186 4172 16315
1553 3425 18345
3425 1553 18345
10385 6355 5683
6355 10385 5683
4042 1356 10720
1356 4042 10720
1846 7219 27034
7219 1846 27034
6837 884 26891
884 6837 26891
6995 9788 26910
9788 6995 26910
765 9606 19167
9606 765 19167
9779 4547 163
4547 9779 163
8859 3362 24739
3362 8859 24739
9591 10378 1167
10378 9591 1167
10513 9793 17304
9793 10513 17304
6760 4991 18160
4991 6760 18160
1531 9616 4033
9616 1531 4033
82 9800 25936
9800 82 25936
5973 10147 25108
10147 5973 25108
2089 5790 9611
5790 2089 9611
3569 3548 23420
3548 3569 23420
3993 7103 23933
7103 3993 23933
3161 3818 15413
3818 3161 15413
8295 6888 29815
6888 8295 29815
6764 8259 9064
8259 6764 9064
4969 7560 24231
7560 4969 24231
903 1436 27921
1436 903 27921
10346 4193 20992
4193 10346 20992
422 2067 7318
2067 422 7318
4036 8400 12614
8400 4036 12614
9381 7870 19604
7870 9381 19604
644 5971 5446
5971 644 5446
7415 6658 19664
6658 7415 19664
313 3038 17764
3038 313 17764
5570 628 32085
628 5570 32085
5652 1702 10247
1702 5652 10247
2969 4642 8725
4642 2969 8725
953 9281 2183
9281 953 2183
31 1394 27831
1394 31 27831
917 7075 21420
7075 917 21420
8517 5042 25170
5042 8517 25170
7624 7481 27871
7481 7624 27871
3227 2037 8515
2037 3227 8515
2704 10243 19862
10243 2704 19862
7394 6335 28515
6335 7394 28515
7372 7141 3504
7141 7372 3504
6355 6300 29508
6300 6355 29508
4255 8484 3754
8484 4255 3754
313 7041 6985
7041 313 6985
7005 7354 7425
7354 7005 7425
4559 9326 2980
9326 4559 2980
6525 5024 16922
5024 6525 16922
4483 5491 2220
5491 4483 2220
6550 1716 1669
1716 6550 1669
5783 8892 17670
8892 5783 17670
9749 4052 22389
4052 9749 22389
4144 6414 21395
6414 4144 21395
1336 8480 29640
8480 1336 29640
9639 431 19236
431 9639 19236
8418 2449 1010
2449 8418 1010
1298 672 32353
672 1298 32353
3695 8490 7582
8490 3695 7582
3519 6385 5226
6385 3519 5226
7118 9333 16120
9333 7118 16120
1630 57 24338
57 1630 24338
5157 4673 5832
