10126 10810 2728
2728 9388 16037
9388 2728 16037
2728 8461 24389
8461 2728 24389
9388 2323 17753
2323 9388 17753
2323 4904 24705
4904 2323 24705
2728 3224 8852
3224 2728 8852
3224 1215 11296
1215 3224 11296
3224 3222 18569
3222 3224 18569
2728 3555 19930
3555 2728 19930
3224 427 4268
427 3224 4268
9388 2932 24480
2932 9388 24480
427 6025 32582
6025 427 32582
2323 4328 13910
4328 2323 13910
4904 3013 28614
3013 4904 28614
9388 2663 7124
2663 9388 7124
6025 2985 10254
2985 6025 10254
3555 8011 10280
8011 3555 10280
8461 8321 2616
8321 8461 2616
3224 7816 140
7816 3224 140
7816 9514 6532
9514 7816 6532
1215 3367 3223
3367 1215 3223
3013 212 12909
212 3013 12909
2932 7678 8844
7678 2932 8844
7678 7193 32541
7193 7678 32541
8321 1316 20950
1316 8321 20950
2663 1565 10417
1565 2663 10417
2663 1618 24334
1618 2663 24334
3224 7897 23310
7897 3224 23310
8321 5804 18212
5804 8321 18212
7897 4226 13369
4226 7897 13369
1316 4089 18302
4089 1316 18302
1215 849 31087
849 1215 31087
3224 7398 1831
7398 3224 1831
1618 9520 15217
9520 1618 15217
8321 703 8560
703 8321 8560
7816 5778 16564
5778 7816 16564
5804 10030 3205
10030 5804 3205
3555 5367 26505
5367 3555 26505
1565 6497 14053
6497 1565 14053
5778 30 2894
30 5778 2894
9388 7191 19652
7191 9388 19652
3555 10053 8001
10053 3555 8001
4904 8941 29374
8941 4904 29374
10030 3416 30364
3416 10030 30364
10030 961 30051
961 10030 30051
2728 3339 25844
3339 2728 25844
8011 956 1408
956 8011 1408
9388 5400 21271
5400 9388 21271
30 2559 10041
2559 30 10041
2663 7849 25570
7849 2663 25570
7191 1423 3658
1423 7191 3658
3555 5191 8637
5191 3555 8637
6497 9751 19468
9751 6497 19468
2932 4322 14530
4322 2932 14530
956 5834 1043
5834 956 1043
5804 94 19134
94 5804 19134
9514 6272 25205
6272 9514 25205
7398 9883 16776
9883 7398 16776
2559 5799 23335
5799 2559 23335
7191 872 31077
872 7191 31077
9883 688 23538
688 9883 23538
2323 7590 114
7590 2323 114
7678 8653 8931
8653 7678 8931
2663 6067 18760
6067 2663 18760
6272 7516 26956
7516 6272 26956
8941 3501 24152
3501 8941 24152
6272 8397 6063
8397 6272 6063
5804 702 12466
702 5804 12466
4226 4636 20779
4636 4226 20779
7816 7830 22580
7830 7816 22580
7816 1114 25916
1114 7816 25916
427 6217 21584
6217 427 21584
5799 438 11510
438 5799 11510
8941 8006 25583
8006 8941 25583
4322 8027 5375
8027 4322 5375
7678 4609 12314
4609 7678 12314
4904 9341 10224
9341 4904 10224
10053 7812 6254
7812 10053 6254
7812 9354 25837
9354 7812 25837
6217 3575 16772
3575 6217 16772
9514 9047 7312
9047 9514 7312
7516 175 25820
175 7516 25820
3224 9477 632
9477 3224 632
961 9756 7910
9756 961 7910
9514 5158 11296
5158 9514 11296
94 8649 25401
8649 94 25401
961 3697 26057
3697 961 26057
8397 425 10279
425 8397 10279
8006 4260 11416
4260 8006 11416
3575 7940 4643
7940 3575 4643
4904 1545 18750
1545 4904 18750
6067 5806 15536
5806 6067 15536
9341 1531 2236
1531 9341 2236
2728 5627 483
5627 2728 483
30 9814 31014
9814 30 31014
4260 9151 8848
9151 4260 8848
8649 3098 28275
3098 8649 28275
4089 2458 16570
2458 4089 16570
1423 6400 30650
6400 1423 30650
8461 5574 2795
5574 8461 2795
4609 1036 26474
1036 4609 26474
8006 1562 4717
1562 8006 4717
30 4018 12639
4018 30 12639
3697 7904 24487
7904 3697 24487
7897 2226 14313
2226 7897 14313
9477 7721 16142
7721 9477 16142
702 3795 15642
3795 702 15642
175 8539 18009
8539 175 18009
3416 3243 8180
3243 3416 8180
10053 699 1292
699 10053 1292
425 3372 25939
3372 425 25939
5804 9144 1133
9144 5804 1133
1114 8546 23206
8546 1114 23206
7849 7296 31357
7296 7849 31357
427 7737 29902
7737 427 29902
9144 2147 12436
2147 9144 12436
7191 4806 30665
4806 7191 30665
7816 446 27050
446 7816 27050
9341 5597 998
5597 9341 998
427 6201 23922
6201 427 23922
9514 8919 27576
8919 9514 27576
425 2061 29915
2061 425 29915
7940 1848 16907
1848 7940 16907
872 5651 10632
5651 872 10632
10053 1959 29049
1959 10053 29049
7940 3025 3428
3025 7940 3428
5191 2145 30589
2145 5191 30589
7193 10074 24671
10074 7193 24671
2147 9517 6933
9517 2147 6933
8649 1938 2543
1938 8649 2543
702 6935 15178
6935 702 15178
1848 6899 6389
6899 1848 6389
2932 56 11323
56 2932 11323
4328 2885 26635
2885 4328 26635
5597 4916 6533
4916 5597 6533
4636 659 32108
659 4636 32108
10030 8385 6933
8385 10030 6933
8653 6590 1269
6590 8653 1269
8006 1328 9671
1328 8006 9671
438 4814 10224
4814 438 10224
8006 8094 21352
8094 8006 21352
10074 9498 22949
9498 10074 22949
30 4378 13803
4378 30 13803
6935 294 16616
294 6935 16616
1114 4878 6130
4878 1114 6130
6217 8998 1564
8998 6217 1564
2559 1428 16644
1428 2559 16644
659 4425 19041
4425 659 19041
7193 7641 7679
7641 7193 7679
438 7241 14316
7241 438 14316
1215 8696 7842
8696 1215 7842
872 8150 17591
8150 872 17591
3501 6010 16205
6010 3501 16205
4636 391 14343
391 4636 14343
4814 1495 8774
1495 4814 8774
1565 9183 6276
9183 1565 6276
7737 8572 24098
8572 7737 24098
94 4246 11212
4246 94 11212
1495 3430 20258
3430 1495 20258
3430 8127 29133
8127 3430 29133
6025 1185 22442
1185 6025 22442
3013 4650 21839
4650 3013 21839
8011 3451 8213
3451 8011 8213
2145 4497 30826
4497 2145 30826
7816 1152 8341
1152 7816 8341
6067 5254 24295
5254 6067 24295
3367 3644 8165
3644 3367 8165
7830 7352 4534
7352 7830 4534
5158 4169 26608
4169 5158 26608
9388 5648 32253
5648 9388 32253
4246 4801 19902
4801 4246 19902
6935 8866 6007
8866 6935 6007
1618 9841 23620
9841 1618 23620
8461 730 30995
730 8461 30995
4801 6321 2539
6321 4801 2539
1545 5158 12304
5158 1545 12304
730 3805 28397
3805 730 28397
2061 2361 23826
2361 2061 23826
4260 213 1747
213 4260 1747
8653 6682 13284
6682 8653 13284
1215 5897 12731
5897 1215 12731
6590 6277 28120
6277 6590 28120
5778 8333 31285
8333 5778 31285
6217 3487 19468
3487 6217 19468
1328 3482 10958
3482 1328 10958
6400 4589 7681
4589 6400 7681
961 6878 2727
6878 961 2727
1423 3335 13885
3335 1423 13885
3025 9308 15022
9308 3025 15022
2985 6357 6645
6357 2985 6645
2663 1645 13644
1645 2663 13644
6321 9657 23027
9657 6321 23027
8649 2693 28841
2693 8649 28841
8941 1474 12849
1474 8941 12849
7816 1005 10196
1005 7816 10196
5627 6716 6882
6716 5627 6882
703 9588 26993
9588 703 26993
4089 4852 12505
4852 4089 12505
5834 607 19129
607 5834 19129
8919 110 5277
110 8919 5277
5627 2929 5109
2929 5627 5109
391 7180 26238
7180 391 26238
8941 181 30647
181 8941 30647
6716 6548 11143
6548 6716 11143
7830 3194 30847
3194 7830 30847
5806 2006 31276
2006 5806 31276
961 3717 6284
3717 961 6284
4018 8296 7930
8296 4018 7930
2361 1071 24078
1071 2361 24078
1328 7791 18615
7791 1328 18615
56 7498 10737
7498 56 10737
4425 2192 2230
2192 4425 2230
8333 2959 27125
2959 8333 27125
5778 2553 24390
2553 5778 24390
8461 2240 24280
2240 8461 24280
7897 4220 30091
4220 7897 30091
425 1663 5556
1663 425 5556
6935 271 23839
271 6935 23839
4814 3226 24550
3226 4814 24550
1565 867 841
867 1565 841
2985 8035 5910
8035 2985 5910
2728 6763 18613
6763 2728 18613
6763 236 25395
236 6763 25395
7830 3032 12264
3032 7830 12264
5648 5976 5771
5976 5648 5771
2226 2404 9199
2404 2226 9199
5806 4308 6208
4308 5806 6208
9520 9622 17907
9622 9520 17907
3805 6617 20422
6617 3805 20422
3098 593 19385
593 3098 19385
9588 6337 9272
6337 9588 9272
8653 441 4666
441 8653 4666
7812 4481 30874
4481 7812 30874
3482 7554 28368
7554 3482 28368
4220 5295 10859
5295 4220 10859
1562 4760 20151
4760 1562 20151
1071 8916 2577
8916 1071 2577
3222 212 10185
212 3222 10185
2553 6555 7431
6555 2553 7431
2559 9054 28351
9054 2559 28351
872 2096 18382
2096 872 18382
1328 4616 1635
4616 1328 1635
4609 746 21016
746 4609 21016
3430 500 14445
500 3430 14445
6548 3233 8612
3233 6548 8612
7816 3803 5134
3803 7816 5134
4852 8970 6337
8970 4852 6337
2361 9155 22347
9155 2361 22347
3482 8160 19318
8160 3482 19318
8461 1727 8123
1727 8461 8123
7180 458 19132
458 7180 19132
9054 7599 21571
7599 9054 21571
2147 4866 10065
4866 2147 10065
500 5035 23781
5035 500 23781
607 3219 5647
3219 607 5647
8321 969 7876
969 8321 7876
3032 2513 24007
2513 3032 24007
8127 3781 8671
3781 8127 8671
1185 8861 31503
8861 1185 31503
5158 7683 4919
7683 5158 4919
6400 7284 16525
7284 6400 16525
6878 1291 20831
1291 6878 20831
446 2122 15002
2122 446 15002
1291 4704 10916
4704 1291 10916
6763 3972 21336
3972 6763 21336
593 9171 15179
9171 593 15179
6337 1335 12432
1335 6337 12432
213 1072 16287
1072 213 16287
1565 3510 5875
3510 1565 5875
4226 8169 194
8169 4226 194
8321 7531 22162
7531 8321 22162
956 3709 5240
3709 956 5240
6400 7062 29348
7062 6400 29348
9756 6188 18285
6188 9756 18285
6716 1796 27390
1796 6716 27390
746 3644 1699
3644 746 1699
2559 2026 22465
2026 2559 22465
8649 2626 18440
2626 8649 18440
4589 2359 30762
2359 4589 30762
10053 3903 7013
3903 10053 7013
4852 5095 31629
5095 4852 31629
746 7204 1067
7204 746 1067
4308 4625 14303
4625 4308 14303
4481 7505 20928
7505 4481 20928
500 5715 17240
5715 500 17240
4806 8818 12125
8818 4806 12125
8653 6877 3864
6877 8653 3864
9054 8336 26016
8336 9054 26016
3575 5971 16086
5971 3575 16086
2458 5586 5978
5586 2458 5978
1215 5039 7675
5039 1215 7675
9144 8681 28741
8681 9144 28741
7940 9799 19646
9799 7940 19646
3224 8365 6051
8365 3224 6051
7352 6798 8215
6798 7352 8215
659 8013 4595
8013 659 4595
1036 8614 17830
8614 1036 17830
441 8512 25670
8512 441 25670
213 1916 6367
1916 213 6367
3972 3409 4312
3409 3972 4312
593 7400 18717
7400 593 18717
94 2749 14319
2749 94 14319
8653 4691 2151
4691 8653 2151
9814 371 6461
371 9814 6461
1071 795 2314
795 1071 2314
659 4467 12591
4467 659 12591
7241 1763 9309
1763 7241 9309
7641 9678 2800
9678 7641 2800
6067 3405 12099
3405 6067 12099
8011 9259 27403
9259 8011 27403
1291 3918 20809
3918 1291 20809
4089 1380 32752
1380 4089 32752
3219 2124 14705
2124 3219 14705
181 3683 7368
3683 181 7368
5400 1184 22536
1184 5400 22536
8512 260 30810
260 8512 30810
7590 5007 26402
5007 7590 26402
6548 7670 19700
7670 6548 19700
427 8626 4998
8626 427 4998
391 9063 22419
9063 391 22419
1071 5100 5679
5100 1071 5679
4220 1884 25528
1884 4220 25528
3416 1996 4795
1996 3416 4795
1565 3334 7862
3334 1565 7862
3224 6223 10576
6223 3224 10576
3013 930 10332
930 3013 10332
1959 2226 27367
2226 1959 27367
4760 5362 4159
5362 4760 4159
5158 130 21757
130 5158 21757
8321 3311 30234
3311 8321 30234
10074 9619 13841
9619 10074 13841
4878 809 10489
809 4878 10489
7641 9263 28294
9263 7641 28294
5158 9405 13351
9405 5158 13351
1316 9161 31164
9161 1316 31164
8094 1688 6692
1688 8094 6692
260 8168 6517
8168 260 6517
1072 2789 23807
2789 1072 23807
5971 8150 29163
8150 5971 29163
8970 7325 12522
7325 8970 12522
8696 4722 28451
4722 8696 28451
7352 3899 8432
3899 7352 8432
2885 5916 31832
5916 2885 31832
181 1304 22276
1304 181 22276
458 1279 31897
1279 458 31897
1727 9777 28649
9777 1727 28649
930 9839 8176
9839 930 8176
9498 4199 6312
4199 9498 6312
3430 8317 12968
8317 3430 12968
2404 6961 30340
6961 2404 30340
8572 8273 27793
8273 8572 27793
9678 4263 23477
4263 9678 23477
260 709 9291
709 260 9291
9814 2896 23120
2896 9814 23120
4801 3191 12038
3191 4801 12038
9151 5794 13345
5794 9151 13345
9405 4548 12092
4548 9405 12092
1304 5551 16739
5551 1304 16739
6935 8378 13634
8378 6935 13634
9657 1192 417
1192 9657 417
8866 8030 27348
8030 8866 27348
4548 7461 28959
7461 4548 28959
2145 8251 7900
8251 2145 7900
2006 398 17050
398 2006 17050
3899 1191 31015
1191 3899 31015
5191 2732 4164
2732 5191 4164
7590 2259 30155
2259 7590 30155
8998 4845 18503
4845 8998 18503
8317 3536 5727
3536 8317 5727
5794 5746 22582
5746 5794 22582
438 4906 2914
4906 438 2914
9054 1013 14379
1013 9054 14379
3372 6746 601
6746 3372 601
6188 4632 16783
4632 6188 16783
1848 622 21902
622 1848 21902
5586 5100 1722
5100 5586 1722
2323 6528 8317
6528 2323 8317
4760 4844 30696
4844 4760 30696
607 6489 18509
6489 607 18509
9751 2728 22338
2728 9751 22338
181 1989 27106
1989 181 27106
5586 4100 8419
4100 5586 8419
2663 6194 26481
6194 2663 26481
2663 4492 27934
4492 2663 27934
4481 890 3489
890 4481 3489
659 5190 17020
5190 659 17020
1959 1052 3222
1052 1959 3222
260 5981 6686
5981 260 6686
7352 6054 23417
6054 7352 23417
1763 3847 21648
3847 1763 21648
5007 5293 7520
5293 5007 7520
4878 4607 22064
4607 4878 22064
9183 3570 21668
3570 9183 21668
130 1512 18861
1512 130 18861
3555 6309 11770
6309 3555 11770
2147 4755 27731
4755 2147 27731
8365 4288 32504
4288 8365 32504
3570 8297 6940
8297 3570 6940
3224 1030 19403
1030 3224 19403
5648 8738 26813
8738 5648 26813
6548 1307 22080
1307 6548 22080
5799 9619 9260
9619 5799 9260
9839 670 27769
670 9839 27769
4018 6088 13387
6088 4018 13387
3416 4100 30684
4100 3416 30684
2663 4286 22720
4286 2663 22720
3683 1127 15650
1127 3683 15650
8035 3954 2344
3954 8035 2344
7352 1699 25750
1699 7352 25750
6272 5222 8987
5222 6272 8987
2147 6628 19929
6628 2147 19929
2096 2691 11457
2691 2096 11457
5190 6163 29895
6163 5190 29895
8614 9350 29930
9350 8614 29930
6590 3335 21854
3335 6590 21854
1307 2328 6887
2328 1307 6887
294 6110 23211
6110 294 23211
9883 4196 22418
4196 9883 22418
9063 4957 2338
4957 9063 2338
6010 4167 3653
4167 6010 3653
7180 8265 20224
8265 7180 20224
6277 7590 1979
7590 6277 1979
1036 3388 17786
3388 1036 17786
6067 6167 4613
6167 6067 4613
1005 8183 17380
8183 1005 17380
4866 9599 26652
9599 4866 26652
9514 6032 545
6032 9514 545
2359 2347 2237
2347 2359 2237
5627 4958 14832
4958 5627 14832
2323 8544 22408
8544 2323 22408
8861 7614 20211
7614 8861 20211
5574 6797 21663
6797 5574 21663
2559 5306 5007
5306 2559 5007
7904 1251 13881
1251 7904 13881
6528 7950 21736
7950 6528 21736
8336 2971 3296
2971 8336 3296
4548 9725 676
9725 4548 676
441 810 9819
810 441 9819
5897 5616 5966
5616 5897 5966
6217 882 27752
882 6217 27752
4220 2934 27740
2934 4220 27740
9751 511 21467
511 9751 21467
8681 4590 29002
4590 8681 29002
9751 9338 26044
9338 9751 26044
2192 9231 24400
9231 2192 24400
8030 2937 20337
2937 8030 20337
9839 639 2961
639 9839 2961
3405 2183 2087
2183 3405 2087
8030 6259 30686
6259 8030 30686
6357 4333 18667
4333 6357 18667
9678 5511 18018
5511 9678 18018
4497 6769 8751
6769 4497 8751
3243 1993 20168
1993 3243 20168
1071 6250 13499
6250 1071 13499
3191 8869 21446
8869 3191 21446
2789 1095 19766
1095 2789 19766
2061 5297 19981
5297 2061 19981
7812 7039 10436
7039 7812 10436
9841 1581 32267
1581 9841 32267
3510 2692 20079
2692 3510 20079
30 3711 2055
3711 30 2055
7398 1167 31840
1167 7398 31840
9063 4466 22141
4466 9063 22141
1581 9635 30980
9635 1581 30980
5511 6955 27845
6955 5511 27845
809 7415 30644
7415 809 30644
7590 3185 18535
3185 7590 18535
2559 8601 32132
8601 2559 32132
94 2428 31146
2428 94 31146
6555 227 7735
227 6555 7735
730 7498 19529
7498 730 19529
7204 5957 21138
5957 7204 21138
8251 6235 16198
6235 8251 16198
8183 7159 24704
7159 8183 24704
3555 9266 14170
9266 3555 14170
8397 726 8907
726 8397 8907
500 5959 22900
5959 500 22900
6250 7756 16720
7756 6250 16720
1304 9749 25408
9749 1304 25408
9161 616 27639
616 9161 27639
8251 1462 13748
1462 8251 13748
4844 5924 14815
5924 4844 14815
5574 147 10766
147 5574 10766
956 5526 15219
5526 956 15219
130 7063 17354
7063 130 17354
593 1588 26986
1588 593 26986
446 5304 29309
5304 446 29309
1072 1797 13278
1797 1072 13278
9155 531 27799
531 9155 27799
4632 8520 23548
8520 4632 23548
6955 1112 18543
1112 6955 18543
3222 7798 18434
7798 3222 18434
9678 9252 27446
9252 9678 27446
4169 2060 29819
2060 4169 29819
5957 2032 15776
2032 5957 15776
5551 4540 22276
4540 5551 22276
8539 2002 25690
2002 8539 25690
2749 161 17910
161 2749 17910
3555 4800 3758
4800 3555 3758
9520 4992 5583
4992 9520 5583
8861 4937 22502
4937 8861 22502
6194 2989 26670
2989 6194 26670
9144 8485 18507
8485 9144 18507
4481 3536 29117
3536 4481 29117
4906 4761 18637
4761 4906 18637
5007 10102 4962
10102 5007 4962
371 3045 26816
3045 371 26816
8572 995 22662
995 8572 22662
3430 1694 14124
1694 3430 14124
1618 4146 3934
4146 1618 3934
5191 10103 14756
10103 5191 14756
8544 676 4462
676 8544 4462
4378 3907 18597
3907 4378 18597
8681 985 16838
985 8681 16838
703 3249 24030
3249 703 24030
6617 5492 5034
5492 6617 5034
4722 3817 15102
3817 4722 15102
8385 8219 26526
8219 8385 26526
9266 9592 20440
9592 9266 20440
6555 7477 1554
7477 6555 1554
4018 4961 31993
4961 4018 31993
5574 1991 17949
1991 5574 17949
7204 1744 19460
1744 7204 19460
4333 787 21516
787 4333 21516
4845 3885 2421
3885 4845 2421
1462 3681 24243
3681 1462 24243
9635 6547 25492
6547 9635 25492
2663 759 951
759 2663 951
1474 1779 24773
1779 1474 24773
2985 1031 29271
1031 2985 29271
9619 7666 13173
7666 9619 13173
956 7718 14679
7718 956 14679
1184 8233 15439
8233 1184 15439
7325 9889 24598
9889 7325 24598
5158 7900 31628
7900 5158 31628
3224 10065 5121
10065 3224 5121
5551 3730 22633
3730 5551 22633
795 306 10968
306 795 10968
882 3125 4659
3125 882 4659
1663 2309 20358
2309 1663 20358
6163 8154 28783
8154 6163 28783
1316 2599 12916
2599 1316 12916
4100 1395 28662
1395 4100 28662
5222 515 22436
515 5222 22436
2060 8033 18728
8033 2060 18728
1645 7817 27639
7817 1645 27639
1991 2692 20362
2692 1991 20362
1588 10123 14442
10123 1588 14442
3191 1046 25947
1046 3191 25947
10123 595 9520
595 10123 9520
702 1092 7693
1092 702 7693
2971 6534 6124
6534 2971 6124
1152 8392 16556
8392 1152 16556
9341 7033 8063
7033 9341 8063
2728 254 14212
254 2728 14212
4814 731 9511
731 4814 9511
2692 6099 11451
6099 2692 11451
2553 1788 3550
1788 2553 3550
8998 6385 11153
6385 8998 11153
3730 7426 10294
7426 3730 10294
7812 6472 11390
6472 7812 11390
9619 52 16943
52 9619 16943
5778 3356 1652
3356 5778 1652
4852 385 8118
385 4852 8118
3334 4322 27102
4322 3334 27102
1192 4196 5576
4196 1192 5576
4378 5635 23108
5635 4378 23108
3954 3756 6006
3756 3954 6006
4100 3696 8593
3696 4100 8593
5957 8667 22844
8667 5957 22844
254 7934 1133
7934 254 1133
3817 7757 9315
7757 3817 9315
7670 5313 8502
5313 7670 8502
639 6211 22379
6211 639 22379
7590 4140 27500
4140 7590 27500
6472 2383 12721
2383 6472 12721
5804 5432 13238
5432 5804 13238
3125 8422 14283
8422 3125 14283
2789 8650 12490
8650 2789 12490
8297 5812 2893
5812 8297 2893
4806 6741 6105
6741 4806 6105
458 3573 19448
3573 458 19448
4196 230 4950
230 4196 4950
5924 4546 20867
4546 5924 20867
4625 6084 23847
6084 4625 23847
9266 6928 5242
6928 9266 5242
1251 2067 32166
2067 1251 32166
9338 4292 16875
4292 9338 16875
6797 5029 17153
5029 6797 17153
4089 4426 2261
4426 4089 2261
4292 5960 31951
5960 4292 31951
10074 5001 408
5001 10074 408
7904 3864 30207
3864 7904 30207
6489 3973 28374
3973 6489 28374
995 9953 7011
9953 995 7011
2226 7329 21635
7329 2226 21635
3311 1140 18315
1140 3311 18315
3817 9458 19740
9458 3817 19740
3487 6932 23723
6932 3487 23723
8650 5036 28213
5036 8650 28213
6534 1799 15293
1799 6534 15293
4286 6015 17636
6015 4286 17636
3847 2475 21541
2475 3847 21541
1565 404 18355
404 1565 18355
212 6937 2425
6937 212 2425
9405 557 24345
557 9405 24345
2559 3696 5440
3696 2559 5440
6935 7848 9902
7848 6935 9902
622 5107 26823
5107 622 26823
2934 8701 6298
8701 2934 6298
7678 4790 30550
4790 7678 30550
1140 4779 16875
4779 1140 16875
1072 6706 19313
6706 1072 19313
5715 4234 14798
4234 5715 14798
787 9574 27114
9574 787 27114
5959 1628 12015
1628 5959 12015
6472 5363 23523
5363 6472 23523
4100 6466 17765
6466 4100 17765
5158 4530 21794
4530 5158 21794
2309 9496 1262
9496 2309 1262
2309 6303 24126
6303 2309 24126
1167 2120 2672
2120 1167 2672
1428 9687 17030
9687 1428 17030
1512 1253 24822
1253 1512 24822
4018 6879 20413
6879 4018 20413
3510 7714 9636
7714 3510 9636
398 2304 18938
2304 398 18938
3510 3620 14167
3620 3510 14167
3416 2867 24653
2867 3416 24653
1071 4280 32233
4280 1071 32233
7678 2125 32505
2125 7678 32505
3555 6227 7765
6227 3555 7765
6798 3031 8806
3031 6798 8806
1395 5499 2089
5499 1395 2089
956 1217 23059
1217 956 23059
8385 7574 32272
7574 8385 32272
10123 7564 3375
7564 10123 3375
5551 9099 24150
9099 5551 24150
5036 6240 23209
6240 5036 23209
9155 499 20914
499 9155 20914
9953 700 11474
700 9953 11474
1796 895 30140
895 1796 30140
688 7202 23782
7202 688 23782
9308 9914 26074
9914 9308 26074
5001 289 7451
289 5001 7451
8219 7296 137
7296 8219 137
1380 2449 24576
2449 1380 24576
4260 4952 16457
4952 4260 16457
9161 5927 10839
5927 9161 10839
9405 3951 18074
3951 9405 18074
726 8858 14512
8858 726 14512
391 6859 7370
6859 391 7370
1114 3495 13419
3495 1114 13419
1744 3595 391
3595 1744 391
7798 10034 27631
10034 7798 27631
2002 3268 11110
3268 2002 11110
2867 2 12339
2 2867 12339
4226 5624 2032
5624 4226 2032
2692 9754 11761
9754 2692 11761
2896 7454 31688
7454 2896 31688
4466 6971 25372
6971 4466 25372
6932 4587 21513
4587 6932 21513
3899 10106 16742
10106 3899 16742
8601 1359 16878
1359 8601 16878
175 4190 13572
4190 175 13572
1562 3660 12643
3660 1562 12643
1046 7596 13039
7596 1046 13039
1395 1407 24593
1407 1395 24593
9405 366 13393
366 9405 13393
9388 7397 7676
7397 9388 7676
1114 5437 11487
5437 1114 11487
1052 3749 25045
3749 1052 25045
441 8608 10319
8608 441 10319
3660 3534 10889
3534 3660 10889
6937 7857 24371
7857 6937 24371
175 9996 21684
9996 175 21684
6054 940 19918
940 6054 19918
385 5302 26114
5302 385 26114
9725 5201 14290
5201 9725 14290
1112 3142 10664
3142 1112 10664
4497 4634 6652
4634 4497 6652
1191 1893 8303
1893 1191 8303
3973 452 26376
452 3973 26376
2304 3169 3095
3169 2304 3095
398 4281 8063
4281 398 8063
3335 4269 4337
4269 3335 4337
427 2428 27712
2428 427 27712
4587 7889 23042
7889 4587 23042
1797 8334 29142
8334 1797 29142
1628 472 11027
472 1628 11027
9350 2374 9985
2374 9350 9985
10123 8008 10609
8008 10123 10609
441 7164 8945
7164 441 8945
2971 1613 12114
1613 2971 12114
110 6876 10283
6876 110 10283
8317 1642 1816
1642 8317 1816
9155 2190 14094
2190 9155 14094
1013 3635 17129
3635 1013 17129
2693 9227 16241
9227 2693 16241
9777 5472 23118
5472 9777 23118
3847 6961 10966
6961 3847 10966
5158 6513 6881
6513 5158 6881
3367 5644 281
5644 3367 281
1251 7561 6704
7561 1251 6704
956 6657 26551
6657 956 26551
6277 8975 1625
8975 6277 1625
4246 3164 16371
3164 4246 16371
8422 6553 16401
6553 8422 16401
1727 7665 17027
7665 1727 17027
1279 692 25617
692 1279 25617
5651 4239 14231
4239 5651 14231
4239 9741 8996
9741 4239 8996
6110 5621 24649
5621 6110 24649
9405 8838 20285
8838 9405 20285
1184 1915 25314
1915 1184 25314
2067 8396 10603
8396 2067 10603
4961 1893 7539
1893 4961 7539
3222 7636 3975
7636 3222 3975
5297 4939 15026
4939 5297 15026
676 5934 31202
5934 676 31202
2934 5889 21281
5889 2934 21281
3683 6972 6245
6972 3683 6245
3416 7690 22752
7690 3416 22752
4322 7205 7143
7205 4322 7143
9308 2962 5828
2962 9308 5828
212 4229 9117
4229 212 9117
385 1770 15230
1770 385 15230
1185 307 12268
307 1185 12268
7950 6004 20477
6004 7950 20477
9496 2078 13077
2078 9496 13077
1140 7727 9298
7727 1140 9298
726 8409 11616
8409 726 11616
130 10053 16567
10053 130 16567
4904 7154 1503
7154 4904 1503
371 4052 20625
4052 371 20625
10053 8948 20954
8948 10053 20954
499 5557 23426
5557 499 23426
3243 8439 19587
8439 3243 19587
1797 6483 1247
6483 1797 1247
4260 4861 11655
4861 4260 11655
2026 7975 1074
7975 2026 1074
4607 1031 10382
1031 4607 10382
4801 1448 10631
1448 4801 10631
6240 2451 30933
2451 6240 30933
1030 56 5816
56 1030 5816
3573 4770 17244
4770 3573 17244
7062 1608 29430
1608 7062 29430
10030 5321 8032
5321 10030 8032
616 710 20543
710 616 20543
1215 7405 2082
7405 1215 2082
4590 6392 21118
6392 4590 21118
3335 3007 11292
3007 3335 11292
3709 1955 30346
1955 3709 30346
7756 7757 19774
7757 7756 19774
6303 4643 11080
4643 6303 11080
6272 2986 708
2986 6272 708
3025 2641 22924
2641 3025 22924
8013 6172 30914
6172 8013 30914
6217 4693 1944
4693 6217 1944
3222 2422 4738
2422 3222 4738
8334 6855 2888
6855 8334 2888
9161 2241 27709
2241 9161 27709
7193 1407 19016
1407 7193 19016
6084 9780 28126
9780 6084 28126
699 8276 27115
8276 699 27115
1744 5588 17356
5588 1744 17356
1328 809 6270
809 1328 6270
4286 1857 29675
1857 4286 29675
7950 3044 22567
3044 7950 22567
7848 6913 13408
6913 7848 13408
8866 2275 30640
2275 8866 30640
2641 8039 30384
8039 2641 30384
9622 531 16338
531 9622 16338
2122 8872 5457
8872 2122 5457
3311 9405 23514
9405 3311 23514
7830 8921 2772
8921 7830 2772
6025 7206 15038
7206 6025 15038
4052 8471 24867
8471 4052 24867
2067 7799 8701
7799 2067 8701
1996 161 27789
161 1996 27789
9259 9091 32218
9091 9259 32218
10030 1837 14744
1837 10030 14744
2937 8131 13018
8131 2937 13018
1052 1643 9674
1643 1052 9674
5526 582 25225
582 5526 25225
2959 5138 15093
5138 2959 15093
5499 1078 18927
1078 5499 18927
5029 8993 24991
8993 5029 24991
4281 30 10818
30 4281 10818
9751 3910 10904
3910 9751 10904
6657 2909 7346
2909 6657 7346
2002 9979 6384
9979 2002 6384
9520 861 22632
861 9520 22632
531 893 19642
893 531 19642
7590 3146 24076
3146 7590 24076
1031 7553 1121
7553 1031 1121
6392 1289 15979
1289 6392 15979
4906 7984 28032
7984 4906 28032
1699 3800 23064
3800 1699 23064
4722 9927 32636
9927 4722 32636
3696 1750 5663
1750 3696 5663
5889 5857 26952
5857 5889 26952
1581 2080 9756
2080 1581 9756
8365 7485 18723
7485 8365 18723
702 10053 18011
10053 702 18011
1837 6861 16434
6861 1837 16434
1642 3143 8392
3143 1642 8392
1395 5491 19768
5491 1395 19768
5158 2427 11733
2427 5158 11733
5191 41 236
41 5191 236
4492 9983 16045
9983 4492 16045
8265 2322 25483
2322 8265 25483
2032 5478 4157
5478 2032 4157
3817 7397 5825
7397 3817 5825
8649 1944 24320
1944 8649 24320
1565 3694 12292
3694 1565 12292
236 7760 407
7760 236 407
366 2113 18148
2113 366 18148
427 4494 9359
4494 427 9359
8975 6896 4112
6896 8975 4112
3142 671 27613
671 3142 27613
7516 3811 26873
3811 7516 26873
8396 6891 3842
6891 8396 3842
5297 1649 16720
1649 5297 16720
2451 3935 2773
3935 2451 2773
4548 9135 9956
9135 4548 9956
5158 1700 20566
1700 5158 20566
4328 7661 11647
7661 4328 11647
4587 7634 31278
7634 4587 31278
9619 7767 20437
7767 9619 20437
8439 1227 6807
1227 8439 6807
2006 8441 1956
8441 2006 1956
8818 9196 12769
9196 8818 12769
9588 7983 2707
7983 9588 2707
700 6403 25053
6403 700 25053
1251 172 9849
172 1251 9849
10053 2092 3270
2092 10053 3270
7205 5403 29448
5403 7205 29448
2323 8326 20105
8326 2323 20105
1013 3539 18458
3539 1013 18458
6706 1688 13685
1688 6706 13685
8265 6114 28429
6114 8265 28429
6004 1527 23487
1527 6004 23487
7531 4706 10993
4706 7531 10993
6932 2668 5471
2668 6932 5471
3697 5163 18039
5163 3697 18039
5437 435 24102
435 5437 24102
2 5550 10208
5550 2 10208
5201 4556 8748
4556 5201 8748
110 3499 19041
3499 110 19041
9889 6010 28382
6010 9889 28382
6617 1802 14768
1802 6617 14768
294 441 9558
441 294 9558
7397 2458 6075
2458 7397 6075
7063 5040 30402
5040 7063 30402
5927 1269 7609
1269 5927 7609
2078 4115 23046
4115 2078 23046
4939 8944 16658
8944 4939 16658
1618 8125 21983
8125 1618 21983
4540 4319 31186
4319 4540 31186
1857 1030 32045
1030 1857 32045
2 6440 27554
6440 2 27554
4115 2113 25395
2113 4115 25395
700 7160 13179
7160 700 13179
692 2072 11238
2072 692 11238
5158 7130 11161
7130 5158 11161
4322 4712 16554
4712 4322 16554
6617 9470 25673
9470 6617 25673
7130 3414 11275
3414 7130 11275
3756 9899 11180
9899 3756 11180
2145 3511 16213
3511 2145 16213
7727 3638 6033
3638 7727 6033
3907 7989 31509
7989 3907 31509
3334 6900 27615
6900 3334 27615
7718 3440 20460
3440 7718 20460
8397 2838 15703
2838 8397 15703
895 9137 16185
9137 895 16185
5588 6369 9104
6369 5588 9104
710 3696 15238
3696 710 15238
3903 2919 32376
2919 3903 32376
4636 6742 30399
6742 4636 30399
4939 7627 4805
7627 4939 4805
404 3569 8342
3569 404 8342
10074 4396 24086
4396 10074 24086
4169 1587 421
1587 4169 421
4260 1552 20151
1552 4260 20151
5916 6009 28713
6009 5916 28713
3440 1619 21572
1619 3440 21572
6932 9237 24947
9237 6932 24947
759 8578 21918
8578 759 21918
5799 2190 26461
2190 5799 26461
746 7444 19954
7444 746 19954
6110 9806 19296
9806 6110 19296
3013 7667 30142
7667 3013 30142
4169 2966 16677
2966 4169 16677
6163 7992 15898
7992 6163 15898
5158 2463 26790
2463 5158 26790
8169 1343 21425
1343 8169 21425
4704 3426 7227
3426 4704 7227
7590 8345 11307
8345 7590 11307
3405 6651 24865
6651 3405 24865
1884 489 7158
489 1884 7158
2 7762 20836
7762 2 20836
1991 8634 27573
8634 1991 27573
7756 8970 3118
8970 7756 3118
7791 8897 11194
8897 7791 11194
5557 7269 13802
7269 5557 13802
7130 774 26966
774 7130 26966
1112 1617 25538
1617 1112 25538
1608 7681 15589
7681 1608 15589
557 7042 1623
7042 557 1623
8866 3908 14563
3908 8866 14563
6110 2214 5577
2214 6110 5577
4704 9301 24936
9301 4704 24936
1884 6722 30062
6722 1884 30062
5499 5907 20698
5907 5499 20698
2122 7377 20417
7377 2122 20417
110 7916 22981
7916 110 22981
7665 8895 7022
8895 7665 7022
9883 4919 7943
4919 9883 7943
1857 9388 8341
9388 1857 8341
7160 5601 4830
5601 7160 4830
5897 8037 16778
8037 5897 16778
710 2713 25205
2713 710 25205
9196 9726 3262
9726 9196 3262
5035 550 22274
550 5035 22274
7159 5641 17827
5641 7159 17827
6400 2037 30360
2037 6400 30360
2971 4581 12440
4581 2971 12440
8897 7216 32308
7216 8897 32308
9780 320 4679
320 9780 4679
9144 6286 31671
6286 9144 31671
1072 3069 3329
3069 1072 3329
2668 552 10686
552 2668 10686
1763 4988 26350
4988 1763 26350
4426 2829 2206
2829 4426 2206
8578 9680 23096
9680 8578 23096
1893 2556 22262
2556 1893 22262
4650 4215 27763
4215 4650 27763
2663 5756 20868
5756 2663 20868
3697 8494 31987
8494 3697 31987
7180 191 21838
191 7180 21838
2458 1575 20944
1575 2458 20944
3864 2862 28730
2862 3864 28730
1796 6401 31169
6401 1796 31169
2458 4578 27554
4578 2458 27554
6861 4423 27934
4423 6861 27934
2275 6092 14741
6092 2275 14741
2241 9591 674
9591 2241 674
9889 722 14525
722 9889 14525
2513 3235 7371
3235 2513 7371
6555 5540 19485
5540 6555 19485
5478 1934 31460
1934 5478 31460
1036 5997 6955
5997 1036 6955
787 1223 25885
1223 787 25885
7714 4027 17397
4027 7714 17397
5651 790 3392
790 5651 3392
8572 9121 11334
9121 8572 11334
699 47 1510
47 699 1510
5191 5310 16397
5310 5191 16397
7989 4571 12340
4571 7989 12340
6651 2658 6778
2658 6651 6778
1359 7729 1160
7729 1359 1160
3025 8231 9350
8231 3025 9350
2347 2254 13474
2254 2347 13474
7934 467 28380
467 7934 28380
4396 5263 26156
5263 4396 26156
2383 220 18021
220 2383 18021
7063 2195 15018
2195 7063 15018
1694 2224 2538
2224 1694 2538
9592 9603 5694
9603 9592 5694
7461 790 27771
790 7461 27771
467 8549 10436
8549 467 10436
659 3323 25507
3323 659 25507
8667 6386 13611
6386 8667 13611
3595 1745 20884
1745 3595 20884
1884 1513 288
1513 1884 288
726 890 23242
890 726 23242
320 6791 19294
6791 320 19294
722 2554 5086
2554 722 5086
5557 8200 12609
8200 5557 12609
930 1814 8054
1814 930 8054
1304 8948 7287
8948 1304 7287
5997 7296 15771
7296 5997 15771
7397 1652 14295
1652 7397 14295
3534 2094 1245
2094 3534 1245
8039 7027 5837
7027 8039 5837
8998 5826 21258
5826 8998 21258
7191 1315 15581
1315 7191 15581
289 4730 18017
4730 289 18017
5100 9427 6950
9427 5100 6950
2347 2769 4497
2769 2347 4497
4169 6427 30708
6427 4169 30708
2072 1986 3035
1986 2072 3035
7714 9092 6325
9092 7714 6325
1279 9788 19503
9788 1279 19503
2641 5256 253
5256 2641 253
10103 3474 14631
3474 10103 14631
4852 8536 14676
8536 4852 14676
30 4565 4385
4565 30 4385
5432 9084 26364
9084 5432 26364
94 8592 21744
8592 94 21744
8592 299 6658
299 8592 6658
1513 1879 1235
1879 1513 1235
3575 9572 10540
9572 3575 10540
1513 5895 4796
5895 1513 4796
2966 5411 19359
5411 2966 19359
1694 4229 7689
4229 1694 7689
6167 247 28254
247 6167 28254
1652 6926 19513
6926 1652 19513
9788 961 6118
961 9788 6118
4939 1424 12109
1424 4939 12109
6440 7156 5782
7156 6440 5782
8941 8342 30153
8342 8941 30153
6879 3626 18090
3626 6879 18090
5310 5583 27035
5583 5310 27035
7849 7958 743
7958 7849 743
7405 2948 23116
2948 7405 23116
9657 3966 24404
3966 9657 24404
7857 5740 17482
5740 7857 17482
5095 5611 12174
5611 5095 12174
5263 4355 10797
4355 5263 10797
6400 6398 8860
6398 6400 8860
6172 6674 30269
6674 6172 30269
6114 607 31821
607 6114 31821
9196 1084 10671
1084 9196 10671
8317 4798 14470
4798 8317 14470
366 7360 27723
7360 366 27723
3185 3458 16138
3458 3185 16138
8013 7804 2680
7804 8013 2680
1938 7590 20128
7590 1938 20128
4988 3464 26859
3464 4988 26859
4425 6611 31911
6611 4425 31911
489 3352 15454
3352 489 15454
4286 7668 8825
7668 4286 8825
809 6138 14627
6138 809 14627
3711 7298 25635
7298 3711 25635
3697 4799 16752
4799 3697 16752
7454 5797 13412
5797 7454 13412
5799 3177 10929
3177 5799 10929
8941 9502 26610
9502 8941 26610
6015 2809 20807
2809 6015 20807
4609 8314 7790
8314 4609 7790
8608 1893 12155
1893 8608 12155
8941 3698 4504
3698 8941 4504
6971 7102 22414
7102 6971 22414
9470 586 19356
586 9470 19356
4492 3416 23092
3416 4492 23092
7666 4909 27532
4909 7666 27532
7666 1003 6608
1003 7666 6608
4761 2983 2921
2983 4761 2921
6534 9927 8271
9927 6534 8271
3007 1275 7498
1275 3007 7498
3570 4494 4224
4494 3570 4224
2749 2258 15742
2258 2749 15742
7804 5964 3368
5964 7804 3368
10053 889 5562
889 10053 5562
1036 1869 16206
1869 1036 16206
7444 4454 4531
4454 7444 4531
9308 5318 21104
5318 9308 21104
6706 2346 24512
2346 6706 24512
5526 6683 6311
6683 5526 6311
6590 3511 6214
3511 6590 6214
5927 7046 25049
7046 5927 25049
5400 1531 32035
1531 5400 32035
1084 7562 14477
7562 1084 14477
2838 9146 7770
9146 2838 7770
3644 785 31747
785 3644 31747
7757 9177 25507
9177 7757 25507
5040 6831 664
6831 5040 664
4581 5132 4786
5132 4581 4786
9308 6245 24741
6245 9308 24741
500 5908 30804
5908 500 30804
4263 5077 28492
5077 4263 28492
8546 6429 28334
6429 8546 28334
4578 3950 3071
3950 4578 3071
1652 8608 9536
8608 1652 9536
306 140 5277
140 306 5277
9266 5979 24453
5979 9266 24453
5190 2565 11646
2565 5190 11646
5616 6483 25917
6483 5616 25917
1763 79 13760
79 1763 13760
8314 8763 11204
8763 8314 11204
2937 2136 17328
2136 2937 17328
3311 139 25098
139 3311 25098
1279 1983 26163
1983 1279 26163
4167 3526 4358
3526 4167 4358
8970 9147 2411
9147 8970 2411
2789 2170 176
2170 2789 176
956 5118 3087
5118 956 3087
9574 9020 5620
9020 9574 5620
9020 4048 8248
4048 9020 8248
10065 698 30744
698 10065 30744
4286 6194 19852
6194 4286 19852
7206 5122 3200
5122 7206 3200
212 6894 9221
6894 212 9221
8314 7878 19943
7878 8314 19943
7670 3029 13780
3029 7670 13780
1407 1513 16477
1513 1407 16477
8317 4212 5131
4212 8317 5131
7984 476 21921
476 7984 21921
467 3652 7436
3652 467 7436
930 3962 3521
3962 930 3521
595 5497 15612
5497 595 15612
1335 6148 3581
6148 1335 3581
8549 1139 8096
1139 8549 8096
2122 7131 23646
7131 2122 23646
3696 3033 4209
3033 3696 4209
1407 921 30853
921 1407 30853
8008 7702 12494
7702 8008 12494
7799 8660 15005
8660 7799 15005
2002 2290 5522
2290 2002 5522
5122 6522 18290
6522 5122 18290
7400 472 5237
472 7400 5237
3694 51 5405
51 3694 5405
6955 245 24326
245 6955 24326
4423 9144 32198
9144 4423 32198
3388 8908 19486
8908 3388 19486
9161 9554 18027
9554 9161 18027
1072 6752 12828
6752 1072 12828
4961 22 23978
22 4961 23978
9554 345 17227
345 9554 17227
441 8985 31490
8985 441 31490
230 7122 19259
7122 230 19259
7757 702 16649
702 7757 16649
2328 2066 18175
2066 2328 18175
1251 6343 9604
6343 1251 9604
2769 6994 27527
6994 2769 27527
140 6468 14444
6468 140 14444
5499 798 5261
798 5499 5261
8397 886 32570
886 8397 32570
4492 5229 7124
5229 4492 7124
8696 3207 3096
3207 8696 3096
3031 7517 2980
7517 3031 2980
489 2834 20681
2834 489 20681
1645 7224 20687
7224 1645 20687
4988 6764 31589
6764 4988 31589
6015 2865 20379
2865 6015 20379
4590 1651 32566
1651 4590 32566
476 3112 23657
3112 476 23657
3696 6547 22112
6547 3696 22112
787 3956 25593
3956 787 25593
1462 2834 6428
2834 1462 6428
6385 1172 22663
1172 6385 22663
8314 8536 19876
8536 8314 19876
3388 1337 4167
1337 3388 4167
9619 5311 24620
5311 9619 24620
5100 4499 30440
4499 5100 30440
2749 9400 5237
9400 2749 5237
2258 1968 5913
1968 2258 5913
3191 2402 2788
2402 3191 2788
7102 1145 25174
1145 7102 25174
2728 4472 12574
4472 2728 12574
6369 8695 3162
8695 6369 3162
4770 3490 14995
3490 4770 14995
9151 3436 7439
3436 9151 7439
6741 794 6028
794 6741 6028
2259 8231 22231
8231 2259 22231
9953 1663 24972
1663 9953 24972
7857 2910 2165
2910 7857 2165
220 3257 27178
3257 220 27178
8919 651 10510
651 8919 10510
5857 7572 5545
7572 5857 5545
709 1177 501
1177 709 501
5597 4686 31997
4686 5597 31997
7564 75 32056
75 7564 32056
2422 8210 2818
8210 2422 2818
1127 5084 16692
5084 1127 16692
8695 6235 30467
6235 8695 30467
3511 7906 24724
7906 3511 24724
441 2950 13038
2950 441 13038
8273 5997 25472
5997 8273 25472
4423 1224 11721
1224 4423 11721
2458 3918 6645
3918 2458 6645
8441 5914 15163
5914 8441 15163
2122 1889 20597
1889 2122 20597
5997 5459 5963
5459 5997 5963
8150 3083 30606
3083 8150 30606
6547 3856 27049
3856 6547 27049
6357 1035 25582
1035 6357 25582
3711 7507 28176
7507 3711 28176
8897 3488 20476
3488 8897 20476
3224 9977 4011
9977 3224 4011
4239 9478 2350
9478 4239 2350
6896 2451 25476
2451 6896 25476
5651 4888 660
4888 5651 660
3219 6236 4704
6236 3219 4704
7958 544 13134
544 7958 13134
1645 2820 31896
2820 1645 31896
6303 8017 749
8017 6303 749
2451 6390 17103
6390 2451 17103
8385 5000 24297
5000 8385 24297
147 1361 29847
1361 147 29847
3032 6013 15281
6013 3032 15281
2959 5491 610
5491 2959 610
8006 9881 2310
9881 8006 2310
7757 985 16971
985 7757 16971
4571 6210 21664
6210 4571 21664
9427 3913 28581
3913 9427 28581
774 1613 18245
1613 774 18245
6188 7929 6992
7929 6188 6992
212 5603 10212
5603 212 10212
7849 10000 5951
10000 7849 5951
1184 9513 27981
9513 1184 27981
9657 7564 4535
7564 9657 4535
4540 2690 29339
2690 4540 29339
798 7895 25904
7895 798 25904
9881 2222 27509
2222 9881 27509
930 8195 10206
8195 930 10206
4220 7369 3233
7369 4220 3233
3536 2079 21068
2079 3536 21068
8333 7164 21168
7164 8333 21168
5924 9265 30350
9265 5924 30350
8975 407 13214
407 8975 13214
882 7740 2551
7740 882 2551
2692 7720 10686
7720 2692 10686
1304 1251 16725
1251 1304 16725
2885 59 13648
59 2885 13648
1916 7374 1058
7374 1916 1058
1253 1449 32656
1449 1253 32656
8169 1918 5414
1918 8169 5414
2929 7735 1306
7735 2929 1306
8578 5455 20357
5455 8578 20357
5616 2684 26362
2684 5616 26362
4322 6395 19758
6395 4322 19758
1663 1873 2252
1873 1663 2252
1893 5643 2077
5643 1893 2077
9839 4677 18336
4677 9839 18336
6876 4676 6648
4676 6876 6648
6201 2906 10419
2906 6201 10419
3935 7101 13800
7101 3935 13800
4286 6966 12314
6966 4286 12314
3908 9984 26307
9984 3908 26307
230 1456 28387
1456 230 28387
7756 6518 4063
6518 7756 4063
6855 4548 5481
4548 6855 5481
3910 6309 14627
6309 3910 14627
3903 7662 16835
7662 3903 16835
7298 9465 24372
9465 7298 24372
4546 1097 11166
1097 4546 11166
6547 9336 26326
9336 6547 26326
1185 2201 1498
2201 1185 1498
6015 681 32461
681 6015 32461
1253 5266 17351
5266 1253 17351
4196 681 15848
681 4196 15848
7046 2647 13016
2647 7046 13016
9591 3917 13056
3917 9591 13056
1796 6881 23325
6881 1796 23325
467 10104 31497
10104 467 31497
1562 4199 10216
4199 1562 10216
6752 6269 21903
6269 6752 21903
702 7562 18283
7562 702 18283
1918 7328 10797
7328 1918 10797
6716 8689 19251
8689 6716 19251
4100 4611 4581
4611 4100 4581
2986 175 11457
175 2986 11457
4239 5659 19813
5659 4239 19813
4089 9631 16567
9631 4089 16567
9084 3213 11666
3213 9084 11666
3711 2591 10329
2591 3711 10329
8601 6144 26109
6144 8601 26109
582 5036 17482
5036 582 17482
8013 7511 6404
7511 8013 6404
3464 240 23753
240 3464 23753
1802 5300 15317
5300 1802 15317
889 9954 29417
9954 889 29417
6054 5128 17544
5128 6054 17544
8696 7814 19306
7814 8696 19306
7298 1868 32516
1868 7298 32516
9983 6316 3909
6316 9983 3909
6385 1187 30080
1187 6385 30080
391 2666 9992
2666 391 9992
6674 6363 8106
6363 6674 8106
867 9605 3471
9605 867 3471
6211 6625 6116
6625 6211 6116
6227 1161 3018
1161 6227 3018
6797 4507 30741
4507 6797 30741
10000 7388 29314
7388 10000 29314
2201 2524 18430
2524 2201 18430
4988 7163 18531
7163 4988 18531
441 7972 9495
7972 441 9495
2989 3524 20914
3524 2989 20914
320 1378 4192
1378 320 4192
9171 5617 9337
5617 9171 9337
10104 6110 10406
6110 10104 10406
1608 4785 30483
4785 1608 30483
7878 51 6185
51 7878 6185
9354 8738 20565
8738 9354 20565
5971 6816 12981
6816 5971 12981
5964 1310 1996
1310 5964 1996
5499 7381 15738
7381 5499 15738
8872 5973 27084
5973 8872 27084
3800 2145 11345
2145 3800 11345
8345 2213 9789
2213 8345 9789
371 7965 22578
7965 371 22578
1513 5134 17004
5134 1513 17004
2428 4189 24830
