10505 54576 10209
10209 4948 112
4948 10209 112
10209 4831 24985
4831 10209 24985
4948 2198 25473
2198 4948 25473
4948 7999 4143
7999 4948 4143
7999 9538 21223
9538 7999 21223
4948 395 27052
395 4948 27052
4831 1077 12118
1077 4831 12118
9538 8571 9939
8571 9538 9939
7999 5293 14904
5293 7999 14904
4831 4731 12141
4731 4831 12141
7999 10034 1342
10034 7999 1342
10034 6380 23001
6380 10034 23001
5293 6285 27173
6285 5293 27173
10034 4007 6255
4007 10034 6255
10034 5032 31294
5032 10034 31294
2198 9274 16445
9274 2198 16445
9274 5007 27840
5007 9274 27840
4731 2099 19713
2099 4731 19713
4948 6289 9237
6289 4948 9237
5293 9971 13427
9971 5293 13427
10209 2174 415
2174 10209 415
4731 7311 3891
7311 4731 3891
2174 8639 15526
8639 2174 15526
4948 8926 10242
8926 4948 10242
4007 3184 7278
3184 4007 7278
2099 3766 29193
3766 2099 29193
8639 1799 7847
1799 8639 7847
2174 8640 3421
8640 2174 3421
1077 7021 2743
7021 1077 2743
2198 3180 27902
3180 2198 27902
3180 3837 1931
3837 3180 1931
8639 5107 29700
5107 8639 29700
3184 335 19696
335 3184 19696
8639 8049 1980
8049 8639 1980
7999 3732 19116
3732 7999 19116
9274 4070 13019
4070 9274 13019
1077 4850 28357
4850 1077 28357
2174 6135 6681
6135 2174 6681
3837 6436 25020
6436 3837 25020
8571 3931 15561
3931 8571 15561
8640 1545 27303
1545 8640 27303
4731 7115 23636
7115 4731 23636
2174 3307 1645
3307 2174 1645
4831 5089 31637
5089 4831 31637
3837 7602 25748
7602 3837 25748
395 7209 17295
7209 395 17295
8640 8296 16734
8296 8640 16734
4731 8268 19708
8268 4731 19708
3184 9000 18472
9000 3184 18472
335 1905 26256
1905 335 26256
5032 6746 6729
6746 5032 6729
4007 1559 32278
1559 4007 32278
3180 5758 5604
5758 3180 5604
7021 4420 26291
4420 7021 26291
8571 6760 21866
6760 8571 21866
3732 332 24810
332 3732 24810
10209 8497 27581
8497 10209 27581
4070 5647 6451
5647 4070 6451
9000 6415 27186
6415 9000 27186
2174 3651 22606
3651 2174 22606
2198 9234 5351
9234 2198 5351
8296 330 27801
330 8296 27801
1559 8303 7980
8303 1559 7980
5293 4880 30212
4880 5293 30212
1799 4184 11491
4184 1799 11491
3180 1445 18051
1445 3180 18051
3732 208 30510
208 3732 30510
4850 9177 1810
9177 4850 1810
5107 3687 8646
3687 5107 8646
5758 7455 21914
7455 5758 21914
9000 5628 23492
5628 9000 23492
6436 1445 10849
1445 6436 10849
8640 1498 8652
1498 8640 8652
9234 9009 5069
9009 9234 5069
1498 6160 12505
6160 1498 12505
7021 9046 19865
9046 7021 19865
8497 2108 16412
2108 8497 16412
6415 3232 29906
3232 6415 29906
6746 10 15782
10 6746 15782
9234 8741 11323
8741 9234 11323
4948 8084 23772
8084 4948 23772
5628 7161 31967
7161 5628 31967
8049 7713 5856
7713 8049 5856
6285 7789 11519
7789 6285 11519
9274 3059 7288
3059 9274 7288
5089 2408 15267
2408 5089 15267
6746 2588 30236
2588 6746 30236
395 1327 14703
1327 395 14703
8741 3911 31278
3911 8741 31278
8640 8762 26507
8762 8640 26507
2198 3795 10885
3795 2198 10885
9234 1449 27588
1449 9234 27588
5032 4192 16861
4192 5032 16861
2108 7184 5426
7184 2108 5426
5032 3120 3777
3120 5032 3777
5007 2201 12032
2201 5007 12032
9046 403 32014
403 9046 32014
5647 1915 18216
1915 5647 18216
9234 5558 12320
5558 9234 12320
8303 6307 11595
6307 8303 11595
8639 8194 8002
8194 8639 8002
9538 9258 20967
9258 9538 20967
3687 2983 4870
2983 3687 4870
5558 2167 10386
2167 5558 10386
2588 9494 32126
9494 2588 32126
2167 311 20498
311 2167 20498
2983 1830 16538
1830 2983 16538
8571 5925 6494
5925 8571 6494
5628 1230 23828
1230 5628 23828
3059 9450 8943
9450 3059 8943
7789 1375 2479
1375 7789 2479
7161 4341 12273
4341 7161 12273
4420 9662 9652
9662 4420 9652
1498 625 15143
625 1498 15143
3795 572 10994
572 3795 10994
9009 8592 5031
8592 9009 5031
10034 10349 690
10349 10034 690
9538 8663 9660
8663 9538 9660
5647 3736 15957
3736 5647 15957
4948 465 31882
465 4948 31882
9258 8952 32664
8952 9258 32664
1327 5304 6474
5304 1327 6474
311 6288 9658
6288 311 9658
9494 5548 822
5548 9494 822
3184 2314 27631
2314 3184 27631
9177 1197 32641
1197 9177 32641
10209 4385 23267
4385 10209 23267
1498 7613 17135
7613 1498 17135
7115 4448 4681
4448 7115 4681
8663 2895 14050
2895 8663 14050
7021 9628 20633
9628 7021 20633
9971 2602 10751
2602 9971 10751
3766 6748 3729
6748 3766 3729
6288 7154 2232
7154 6288 2232
1559 5638 20763
5638 1559 20763
7999 6922 5205
6922 7999 5205
9177 971 20375
971 9177 20375
5628 8276 3930
8276 5628 3930
2108 5755 1481
5755 2108 1481
3120 4571 3163
4571 3120 3163
5758 6382 4054
6382 5758 4054
3059 5419 2206
5419 3059 2206
3180 2374 5136
2374 3180 5136
7161 242 19991
242 7161 19991
1545 236 20872
236 1545 20872
2108 6170 20640
6170 2108 20640
7161 6403 31640
6403 7161 31640
1449 1310 26757
1310 1449 26757
1375 1118 10731
1118 1375 10731
6285 7022 180
7022 6285 180
7999 8865 8620
8865 7999 8620
395 1588 6450
1588 395 6450
8268 8750 26581
8750 8268 26581
7455 2561 28328
2561 7455 28328
395 10160 13801
10160 395 13801
7602 4098 15900
4098 7602 15900
5089 5261 24949
5261 5089 24949
9177 9808 2110
9808 9177 2110
1498 739 23593
739 1498 23593
1077 10420 31177
10420 1077 31177
5638 1140 30059
1140 5638 30059
7209 9159 18152
9159 7209 18152
5558 449 18353
449 5558 18353
7154 2852 26022
2852 7154 26022
9450 6722 2827
6722 9450 2827
3180 4722 14278
4722 3180 14278
3732 1273 13210
1273 3732 13210
5304 5799 28321
5799 5304 28321
4184 7761 7661
7761 4184 7661
10 9719 21468
9719 10 21468
8276 9293 25725
9293 8276 25725
4448 6465 14345
6465 4448 14345
7789 6459 8376
6459 7789 8376
1588 4682 9367
4682 1588 9367
10034 7559 8033
7559 10034 8033
6307 1393 8356
1393 6307 8356
9662 6700 17199
6700 9662 17199
9628 3977 28802
3977 9628 28802
5293 10448 16873
10448 5293 16873
8741 7439 17938
7439 8741 17938
10034 8625 26492
8625 10034 26492
8296 9043 27716
9043 8296 27716
10 6435 26553
6435 10 26553
6746 4550 8801
4550 6746 8801
6160 1555 21179
1555 6160 21179
3736 652 11229
652 3736 11229
8762 8605 18728
8605 8762 18728
8268 2661 8176
2661 8268 8176
8276 2178 25801
2178 8276 25801
3736 9147 20513
9147 3736 20513
9538 10135 16172
10135 9538 16172
4070 950 16264
950 4070 16264
5758 4418 25422
4418 5758 25422
7021 1060 11380
1060 7021 11380
5799 2490 6273
2490 5799 6273
2099 9502 11447
9502 2099 11447
2588 9238 9224
9238 2588 9224
5304 2993 24775
2993 5304 24775
9177 2641 11291
2641 9177 11291
6465 1669 23663
1669 6465 23663
1588 7543 8793
7543 1588 8793
8303 7056 9170
7056 8303 9170
4682 8728 21710
8728 4682 21710
8571 9486 4575
9486 8571 4575
1555 1359 19475
1359 1555 19475
7789 6481 14739
6481 7789 14739
2198 769 16955
769 2198 16955
625 5765 26001
5765 625 26001
5799 7292 4482
7292 5799 4482
2895 1075 20998
1075 2895 20998
1359 6632 19197
6632 1359 19197
5419 6609 10949
6609 5419 10949
8639 7350 1211
7350 8639 1211
6285 5237 19493
5237 6285 19493
6170 8719 11284
8719 6170 11284
335 2230 20236
2230 335 20236
6307 2496 5155
2496 6307 5155
9502 3034 6434
3034 9502 6434
6722 4755 24977
4755 6722 24977
6632 1941 4135
1941 6632 4135
6436 2459 11329
2459 6436 11329
2408 3063 15330
3063 2408 15330
7021 4566 1154
4566 7021 1154
4550 3323 9249
3323 4550 9249
4850 6836 19656
6836 4850 19656
3063 1804 8381
1804 3063 8381
3736 9395 23072
9395 3736 23072
5925 5874 12203
5874 5925 12203
9486 1649 23775
1649 9486 23775
572 1715 18804
1715 572 18804
4731 1782 55
1782 4731 55
4098 10188 9911
10188 4098 9911
7761 368 19123
368 7761 19123
7713 6039 2419
6039 7713 2419
9628 1031 25301
1031 9628 25301
2561 7914 29527
7914 2561 29527
6160 1977 16959
1977 6160 16959
8296 769 20040
769 8296 20040
8084 1421 26421
1421 8084 26421
8049 9847 32470
9847 8049 32470
242 3872 1881
3872 242 1881
6700 6582 12386
6582 6700 12386
10034 4312 30701
4312 10034 30701
769 102 30999
102 769 30999
6582 9273 16128
9273 6582 16128
7115 7088 18445
7088 7115 18445
2983 1791 24150
1791 2983 24150
2374 289 31277
289 2374 31277
5758 304 13285
304 5758 13285
10 7250 685
7250 10 685
7311 7925 5435
7925 7311 5435
625 294 23100
294 625 23100
2459 6742 25143
6742 2459 25143
9046 5876 29754
5876 9046 29754
8663 8851 198
8851 8663 198
3795 9915 23439
9915 3795 23439
971 3564 22194
3564 971 22194
4948 8924 24827
8924 4948 24827
7161 9228 14246
9228 7161 14246
465 5713 761
5713 465 761
8924 2061 11497
2061 8924 11497
1075 1848 31622
1848 1075 31622
5647 6557 18821
6557 5647 18821
5765 3507 14960
3507 5765 14960
449 4419 14547
4419 449 14547
3034 3999 4855
3999 3034 4855
7115 7857 11944
7857 7115 11944
4070 423 6630
423 4070 6630
8049 6689 10132
6689 8049 10132
10420 2714 11631
2714 10420 11631
6135 9474 19687
9474 6135 19687
5261 650 29290
650 5261 29290
5558 8433 9100
8433 5558 9100
8924 5195 19151
5195 8924 19151
9628 4282 15824
4282 9628 15824
9847 2364 30591
2364 9847 30591
465 9621 18341
9621 465 18341
9450 24 19382
24 9450 19382
4070 1034 16918
1034 4070 16918
5638 2907 8892
2907 5638 8892
8605 6086 28120
6086 8605 28120
1830 2421 14520
2421 1830 14520
6307 3344 3647
3344 6307 3647
1545 8471 11685
8471 1545 11685
5876 3146 9473
3146 5876 9473
2661 7100 26079
7100 2661 26079
2108 7342 23693
7342 2108 23693
5874 3622 15816
3622 5874 15816
9486 5394 23012
5394 9486 23012
7613 1026 11878
1026 7613 11878
8924 9247 28716
9247 8924 28716
6742 7400 7962
7400 6742 7962
3795 8068 32638
8068 3795 32638
7311 8558 17588
8558 7311 17588
4419 2864 30109
2864 4419 30109
9000 8580 10386
8580 9000 10386
3034 7722 17040
7722 3034 17040
9258 5361 21142
5361 9258 21142
4571 9527 27746
9527 4571 27746
5361 3096 9990
3096 5361 9990
1375 3864 5225
3864 1375 5225
2230 10198 26048
10198 2230 26048
423 5434 1514
5434 423 1514
4755 227 27206
227 4755 27206
2099 308 6387
308 2099 6387
2408 3451 25734
3451 2408 25734
7400 504 9662
504 7400 9662
1830 6220 20599
6220 1830 20599
10349 8353 17408
8353 10349 17408
8276 2203 1750
2203 8276 1750
4420 7387 28396
7387 4420 28396
10 6033 27569
6033 10 27569
8865 9560 12758
9560 8865 12758
7350 4520 3961
4520 7350 3961
10209 4686 2740
4686 10209 2740
1941 7121 7642
7121 1941 7642
2864 42 1784
42 2864 1784
7022 6717 16778
6717 7022 16778
1848 9464 5233
9464 1848 5233
7602 10381 18116
10381 7602 18116
769 9738 25397
9738 769 25397
5925 2074 20022
2074 5925 20022
6722 1876 22217
1876 6722 22217
9621 3212 24709
3212 9621 24709
6748 8504 13302
8504 6748 13302
6459 5966 14005
5966 6459 14005
8605 1670 17943
1670 8605 17943
9043 859 9750
859 9043 9750
3184 5934 29124
5934 3184 29124
7455 2375 24200
2375 7455 24200
6086 1796 25624
1796 6086 25624
5434 9910 8239
9910 5434 8239
1498 2120 5399
2120 1498 5399
4007 4296 18932
4296 4007 18932
3911 5378 30933
5378 3911 30933
1559 6887 13409
6887 1559 13409
8580 8477 20070
8477 8580 20070
5876 721 17598
721 5876 17598
5713 4878 19664
4878 5713 19664
2061 4649 4724
4649 2061 4724
7439 9679 19819
9679 7439 19819
8433 6980 27943
6980 8433 27943
10160 9078 20593
9078 10160 20593
4418 5390 7170
5390 4418 7170
1075 1810 9141
1810 1075 9141
4566 8090 24362
8090 4566 24362
9808 1545 23730
1545 9808 23730
6582 10296 8788
10296 6582 8788
4731 7548 3699
7548 4731 3699
1060 2168 31732
2168 1060 31732
2490 3929 30985
3929 2490 30985
9486 4632 5756
4632 9486 5756
9474 2356 13183
2356 9474 13183
7311 9108 2467
9108 7311 2467
10420 1239 21141
1239 10420 21141
3180 5337 1971
5337 3180 1971
1799 8694 7593
8694 1799 7593
7056 419 10051
419 7056 10051
8851 6247 20620
6247 8851 20620
9560 8095 3060
8095 9560 3060
8049 9078 1093
9078 8049 1093
5032 7393 20741
7393 5032 20741
3977 863 29156
863 3977 29156
5394 6228 28376
6228 5394 28376
5934 1315 10742
1315 5934 10742
6717 8066 28865
8066 6717 28865
7115 4677 24640
4677 7115 24640
3323 3965 17076
3965 3323 17076
6980 6514 24252
6514 6980 24252
2099 965 13998
965 2099 13998
9971 7727 25629
7727 9971 25629
9971 5532 12272
5532 9971 12272
10209 4043 28988
4043 10209 28988
8865 8925 13920
8925 8865 13920
9177 904 9788
904 9177 9788
4282 231 7850
231 4282 7850
9494 1300 6990
1300 9494 6990
6922 5516 1025
5516 6922 1025
7311 2703 27217
2703 7311 27217
8194 8690 5771
8690 8194 5771
1791 2256 13772
2256 1791 13772
859 1364 19923
1364 859 19923
4677 7028 12013
7028 4677 12013
3034 5108 28904
5108 3034 28904
1031 2655 16280
2655 1031 16280
5394 1494 11749
1494 5394 11749
6459 4123 24233
4123 6459 24233
4948 9351 14619
9351 4948 14619
4070 5206 1006
5206 4070 1006
4184 3720 12309
3720 4184 12309
7925 8406 32403
8406 7925 32403
1327 7788 22307
7788 1327 22307
2641 2040 27628
2040 2641 27628
6557 832 18501
832 6557 18501
7161 5587 1501
5587 7161 1501
5516 7832 24698
7832 5516 24698
9971 9804 18270
9804 9971 18270
4420 2512 13537
2512 4420 13537
332 2761 19139
2761 332 19139
1715 1070 11062
1070 1715 11062
4755 10122 6350
10122 4755 6350
8952 2226 2448
2226 8952 2448
2561 4304 12477
4304 2561 12477
4948 3899 32611
3899 4948 32611
6980 5896 12491
5896 6980 12491
1559 8067 24120
8067 1559 24120
5966 222 997
222 5966 997
2459 82 671
82 2459 671
1070 100 9337
100 1070 9337
8296 521 24120
521 8296 24120
9808 3365 11690
3365 9808 11690
3365 7900 14838
7900 3365 14838
4686 3270 27481
3270 4686 27481
6135 9673 13281
9673 6135 13281
8926 78 11958
78 8926 11958
2761 9307 15871
9307 2761 15871
4192 6635 12377
6635 4192 12377
5758 5207 3125
5207 5758 3125
2561 4243 2588
4243 2561 2588
3720 4722 32054
4722 3720 32054
5261 6860 8734
6860 5261 8734
8497 6628 12002
6628 8497 12002
4420 6527 3525
6527 4420 3525
3687 9979 10396
9979 3687 10396
10160 5085 20113
5085 10160 20113
1034 9721 26241
9721 1034 26241
3977 6268 9243
6268 3977 9243
739 880 9869
880 739 9869
7722 2412 21927
2412 7722 21927
6760 8115 13578
8115 6760 13578
3931 9866 6903
9866 3931 6903
10135 4595 10208
4595 10135 10208
9046 611 32628
611 9046 32628
859 3383 4251
3383 859 4251
5587 1050 3016
1050 5587 3016
2374 8426 15172
8426 2374 15172
5558 2910 370
2910 5558 370
10135 4398 9321
4398 10135 9321
6288 1177 20741
1177 6288 20741
5934 2486 31449
2486 5934 31449
1421 5906 32526
5906 1421 32526
10188 1416 20998
1416 10188 20998
8750 4918 13524
4918 8750 13524
1118 1919 12302
1919 1118 12302
7857 7926 4467
7926 7857 4467
5874 7657 28372
7657 5874 28372
6436 1224 17659
1224 6436 17659
1804 3989 2490
3989 1804 2490
8406 671 25242
671 8406 25242
4341 5035 31177
5035 4341 31177
2512 6506 30726
6506 2512 30726
242 2085 16508
2085 242 16508
8504 8707 10129
8707 8504 10129
863 6610 17764
6610 863 17764
2168 8542 4025
8542 2168 4025
330 4720 17750
4720 330 17750
2761 1579 1547
1579 2761 1547
5085 2644 20975
2644 5085 20975
1273 7381 25783
7381 1273 25783
5390 5708 22152
5708 5390 22152
3837 9491 12584
9491 3837 12584
7022 10045 21494
10045 7022 21494
9679 10026 1907
10026 9679 1907
10448 6440 5802
6440 10448 5802
6039 5176 18822
5176 6039 18822
5434 10406 8967
10406 5434 8967
9808 8083 25175
8083 9808 25175
1393 4431 524
4431 1393 524
4448 19 19592
19 4448 19592
1810 8378 3242
8378 1810 3242
832 6985 18739
6985 832 18739
7088 9766 24146
9766 7088 24146
1416 6763 7908
6763 1416 7908
9721 9346 18339
9346 9721 18339
1449 5676 8680
5676 1449 8680
10135 10150 74
10150 10135 74
10150 2297 32370
2297 10150 32370
9274 9865 870
9865 9274 870
4550 10407 4692
10407 4550 4692
6382 458 1040
458 6382 1040
8762 1508 26419
1508 8762 26419
1915 3365 20442
3365 1915 20442
1545 10240 24447
10240 1545 24447
2910 4714 21348
4714 2910 21348
3120 6290 14239
6290 3120 14239
5007 3605 22866
3605 5007 22866
9000 5432 27143
5432 9000 27143
9046 2847 5706
2847 9046 5706
2085 10271 8244
10271 2085 8244
859 1547 13512
1547 859 13512
3365 1077 29640
1077 3365 29640
2201 18 27107
18 2201 27107
671 5601 10811
5601 671 10811
5925 5195 14428
5195 5925 14428
4184 7332 6864
7332 4184 6864
1416 2035 31115
2035 1416 31115
5085 4861 25052
4861 5085 25052
10296 7836 7179
7836 10296 7179
9865 3439 13697
3439 9865 13697
8066 3892 22067
3892 8066 22067
4296 4386 28516
4386 4296 28516
1300 4410 24243
4410 1300 24243
8068 6898 31751
6898 8068 31751
4878 1753 10239
1753 4878 10239
650 850 11220
850 650 11220
2174 7782 11079
7782 2174 11079
3892 3387 11004
3387 3892 11004
5708 5120 5667
5120 5708 5667
368 5716 31918
5716 368 31918
7209 3533 14926
3533 7209 14926
6557 8114 2905
8114 6557 2905
2993 8533 250
8533 2993 250
3736 3256 763
3256 3736 763
1077 3417 27553
3417 1077 27553
3911 1198 2976
1198 3911 2976
5558 1776 27239
1776 5558 27239
1555 6152 27040
6152 1555 27040
330 3008 5220
3008 330 5220
3687 1493 22087
1493 3687 22087
8663 6967 10352
6967 8663 10352
2588 2503 24290
2503 2588 24290
4282 5204 15685
5204 4282 15685
4880 10458 4455
10458 4880 4455
3911 2433 15895
2433 3911 15895
2496 10323 1334
10323 2496 1334
1239 8927 19699
8927 1239 19699
4398 9937 13220
9937 4398 13220
294 7592 30331
7592 294 30331
8707 6841 26445
6841 8707 26445
1449 9571 23265
9571 1449 23265
7121 2848 6751
2848 7121 6751
9808 5933 7728
5933 9808 7728
4686 10176 15199
10176 4686 15199
7184 9631 9788
9631 7184 9788
7311 7242 19738
7242 7311 19738
304 1325 30427
1325 304 30427
1498 9967 439
9967 1498 439
8090 4541 27946
4541 8090 27946
4520 725 6698
725 4520 6698
5206 8280 16656
8280 5206 16656
5934 1484 19070
1484 5934 19070
1445 632 8260
632 1445 8260
4714 7900 30883
7900 4714 30883
1715 10049 30831
10049 1715 30831
9147 5144 11980
5144 9147 11980
3184 2495 11860
2495 3184 11860
1230 4080 23424
4080 1230 23424
6760 9098 7676
9098 6760 7676
8406 2320 18667
2320 8406 18667
2108 8924 25682
8924 2108 25682
8504 1318 25106
1318 8504 25106
8067 8954 11455
8954 8067 11455
419 9769 14318
9769 419 14318
8926 215 7580
215 8926 7580
5434 8521 4522
8521 5434 4522
403 6967 5276
6967 403 5276
231 7205 31346
7205 231 31346
8926 2545 16501
2545 8926 16501
458 7790 1161
7790 458 1161
10420 10082 22388
10082 10420 22388
24 9145 11442
9145 24 11442
7184 6826 17088
6826 7184 17088
8580 9719 14855
9719 8580 14855
1445 3571 9339
3571 1445 9339
9145 3278 30161
3278 9145 30161
8066 5863 13053
5863 8066 13053
4541 2882 29699
2882 4541 29699
9766 3372 3547
3372 9766 3547
4420 7260 12386
7260 4420 12386
6887 1526 388
1526 6887 388
3365 9053 19850
9053 3365 19850
1198 4708 13450
4708 1198 13450
2882 8671 6716
8671 2882 6716
304 6830 1535
6830 304 1535
6440 5117 30410
5117 6440 30410
8504 7621 1640
7621 8504 1640
8558 10266 6012
10266 8558 6012
4420 2492 32045
2492 4420 32045
18 10252 16952
10252 18 16952
2459 8643 27292
8643 2459 27292
8640 1071 21722
1071 8640 21722
8276 4413 31444
4413 8276 31444
8378 3058 28415
3058 8378 28415
7115 2956 30767
2956 7115 30767
7914 1895 21808
1895 7914 21808
6380 2534 3079
2534 6380 3079
215 2971 23723
2971 215 23723
8433 1526 4841
1526 8433 4841
3096 5059 13895
5059 3096 13895
10406 9336 1433
9336 10406 1433
2490 1646 5143
1646 2490 5143
1375 6756 2667
6756 1375 2667
2714 8177 14563
8177 2714 14563
3564 9668 15073
9668 3564 15073
6898 2122 20884
2122 6898 20884
3323 4722 6030
4722 3323 6030
5108 6600 22546
6600 5108 22546
2061 7666 6319
7666 2061 6319
9494 3251 31834
3251 9494 31834
10188 1303 21498
1303 10188 21498
10188 3761 31664
3761 10188 31664
1791 3979 24717
3979 1791 24717
9721 6396 14130
6396 9721 14130
10082 8652 2057
8652 10082 2057
863 2313 4670
2313 863 4670
242 8004 57
8004 242 57
7154 9682 30308
9682 7154 30308
5647 2385 27357
2385 5647 27357
8542 3324 7652
3324 8542 7652
4571 7386 16738
7386 4571 16738
1545 9261 18142
9261 1545 18142
7543 6528 12479
6528 7543 12479
215 6671 195
6671 215 195
1494 256 19875
256 1494 19875
8750 5164 12966
5164 8750 12966
1050 5158 954
5158 1050 954
9159 8856 5247
8856 9159 5247
4431 6685 17084
6685 4431 17084
4722 3934 28290
3934 4722 28290
8750 1926 17015
1926 8750 17015
9621 8177 22796
8177 9621 22796
8851 8027 21271
8027 8851 21271
3058 6825 15588
6825 3058 15588
6635 7643 8539
7643 6635 8539
7548 2956 18104
2956 7548 18104
5863 7987 11898
7987 5863 11898
3417 10089 12827
10089 3417 12827
5204 6957 2526
6957 5204 2526
5176 9524 3961
9524 5176 3961
3892 3537 12040
3537 3892 12040
1075 10083 17847
10083 1075 17847
242 56 21550
56 242 21550
5966 5115 23416
5115 5966 23416
6481 9970 1661
9970 6481 1661
9571 7224 23868
7224 9571 23868
3096 7238 14084
7238 3096 14084
8926 7960 19677
7960 8926 19677
294 7245 26537
7245 294 26537
7722 9550 15371
9550 7722 15371
7342 1510 2501
1510 7342 2501
5261 9411 22236
9411 5261 22236
5115 4737 26669
4737 5115 26669
2226 4832 1164
4832 2226 1164
8066 6522 13532
6522 8066 13532
1359 1617 13311
1617 1359 13311
1060 8450 5749
8450 1060 5749
5195 895 13984
895 5195 13984
3761 1 27733
1 3761 27733
4341 212 1973
212 4341 1973
3892 3784 32757
3784 3892 32757
4880 10464 22341
10464 4880 22341
4043 628 4286
628 4043 4286
2561 1589 30491
1589 2561 30491
9967 5063 9127
5063 9967 9127
7789 9938 11658
9938 7789 11658
7209 284 21050
284 7209 21050
7761 124 17673
124 7761 17673
1555 6766 3268
6766 1555 3268
6135 4295 16566
4295 6135 16566
7761 485 29158
485 7761 29158
6609 9926 15711
9926 6609 15711
625 4202 4545
4202 625 4545
10049 4402 947
4402 10049 947
2496 6846 15727
6846 2496 15727
3979 10333 31633
10333 3979 31633
2703 10403 29580
10403 2703 29580
6980 4430 22976
4430 6980 22976
8497 3751 8435
3751 8497 8435
521 384 22641
384 521 22641
5032 7607 22791
7607 5032 22791
6685 7240 24662
7240 6685 24662
5204 179 27416
179 5204 27416
4878 2458 2875
2458 4878 2875
6746 6447 25285
6447 6746 25285
6609 126 10842
126 6609 10842
4398 10042 8043
10042 4398 8043
227 2922 18918
2922 227 18918
4007 4428 21251
4428 4007 21251
8027 2315 22660
2315 8027 22660
9910 3210 29435
3210 9910 29435
8592 5675 29864
5675 8592 29864
1230 5534 1513
5534 1230 1513
2910 8040 15118
8040 2910 15118
4708 3739 20276
3739 4708 20276
5158 1082 6346
1082 5158 6346
8521 109 13825
109 8521 13825
82 7151 26785
7151 82 26785
1364 8514 30464
8514 1364 30464
1876 7689 22189
7689 1876 22189
2956 3823 18679
3823 2956 18679
3979 9879 30332
9879 3979 30332
1905 3429 10779
3429 1905 10779
1300 7427 30493
7427 1300 30493
5195 6088 8338
6088 5195 8338
5293 2810 15845
2810 5293 15845
2848 7649 25270
7649 2848 25270
9524 1280 15316
1280 9524 15316
1589 773 11250
773 1589 11250
6967 8844 23252
8844 6967 23252
9411 377 2384
377 9411 2384
2971 6124 14161
6124 2971 14161
5716 9604 13580
9604 5716 13580
5120 8080 20445
8080 5120 20445
4722 1346 15056
1346 4722 15056
2035 8546 14299
8546 2035 14299
950 6751 9826
6751 950 9826
6760 8242 31582
8242 6760 31582
5378 9894 31973
9894 5378 31973
3429 3322 4559
3322 3429 4559
3761 8115 17670
8115 3761 17670
2490 9549 18922
9549 2490 18922
5676 5031 31906
5031 5676 31906
7455 3791 21809
3791 7455 21809
6220 471 6864
471 6220 6864
4431 78 20981
78 4431 20981
5337 4512 13140
4512 5337 13140
24 3178 14962
3178 24 14962
377 6284 3293
6284 377 3293
8851 10447 17599
10447 8851 17599
332 912 3494
912 332 3494
4861 8511 21118
8511 4861 21118
2907 308 23116
308 2907 23116
2168 1879 24709
1879 2168 24709
8084 9297 28920
9297 8084 28920
2297 10143 17928
10143 2297 17928
1026 4332 32564
4332 1026 32564
8856 2449 20454
2449 8856 20454
8067 1223 15099
1223 8067 15099
4202 217 12313
217 4202 12313
2761 10172 14312
10172 2761 14312
6825 3458 8850
3458 6825 8850
2993 1193 6032
1193 2993 6032
5237 10191 24535
10191 5237 24535
9866 3207 8302
3207 9866 8302
5195 9699 19257
9699 5195 19257
10176 5999 18658
5999 10176 18658
10188 9339 3474
9339 10188 3474
377 4469 11324
4469 377 11324
308 2680 20146
2680 308 20146
7455 9546 15810
9546 7455 15810
4295 5301 20244
5301 4295 20244
8497 365 29236
365 8497 29236
2375 6255 4203
6255 2375 4203
4595 2230 4674
2230 4595 4674
6841 2996 22312
2996 6841 22312
4677 9479 2274
9479 4677 2274
8694 7932 26640
7932 8694 26640
10 600 22164
600 10 22164
6436 1135 19563
1135 6436 19563
368 8917 28404
8917 368 28404
8542 1848 27774
1848 8542 27774
6088 2109 14372
2109 6088 14372
5107 2333 17234
2333 5107 17234
3034 3219 15353
3219 3034 15353
8605 9794 8170
9794 8605 8170
2644 5493 26867
5493 2644 26867
10403 6924 10107
6924 10403 10107
458 5792 5469
5792 458 5469
9794 3271 26956
3271 9794 26956
4520 5855 24885
5855 4520 24885
9464 9754 8248
9754 9464 8248
1393 9254 9124
9254 1393 9124
3451 5968 1809
5968 3451 1809
395 10436 22318
10436 395 22318
56 3585 15449
3585 56 15449
10296 4856 998
4856 10296 998
10 8774 26369
8774 10 26369
6290 9888 2377
9888 6290 2377
9679 8391 28985
8391 9679 28985
3008 9759 29067
9759 3008 29067
3651 10152 3950
10152 3651 3950
7657 3850 13945
3850 7657 13945
3146 2583 14603
2583 3146 14603
9549 10283 9286
10283 9549 9286
2852 7425 1438
7425 2852 1438
3256 4352 24788
4352 3256 24788
1273 2583 23653
2583 1273 23653
179 2999 7767
2999 179 7767
1670 6611 23929
6611 1670 23929
773 9567 13933
9567 773 13933
1198 8463 13068
8463 1198 13068
950 6792 26364
6792 950 26364
5792 8203 24181
8203 5792 24181
2168 4992 15473
4992 2168 15473
8856 2014 26626
2014 8856 26626
5158 8625 27959
8625 5158 27959
1327 3770 27074
3770 1327 27074
3146 8584 6276
8584 3146 6276
5204 4369 3277
4369 5204 3277
7613 522 3783
522 7613 3783
7245 5528 3505
5528 7245 3505
8865 2592 5213
2592 8865 5213
4448 6107 2057
6107 4448 2057
3965 4777 32608
4777 3965 32608
3791 6232 29290
6232 3791 29290
10403 2716 14240
2716 10403 14240
2364 5073 11056
5073 2364 11056
6459 1944 3116
1944 6459 3116
9967 7295 3022
7295 9967 3022
1545 1787 5115
1787 1545 5115
1421 113 31656
113 1421 31656
1895 9614 30599
9614 1895 30599
10026 520 15528
520 10026 15528
1230 7572 8067
7572 1230 8067
7224 9144 31501
9144 7224 31501
3899 4388 26869
4388 3899 26869
2848 2330 22299
2330 2848 22299
1421 2210 14672
2210 1421 14672
5085 9468 31423
9468 5085 31423
5765 590 11623
590 5765 11623
7789 3325 9799
3325 7789 9799
8095 10102 13398
10102 8095 13398
5758 10155 18095
10155 5758 18095
832 3668 17326
3668 832 17326
8433 4136 27965
4136 8433 27965
7722 3475 1157
3475 7722 1157
10026 7030 13157
7030 10026 13157
4184 7932 28991
7932 4184 28991
8558 5911 1829
5911 8558 1829
3872 9272 27172
9272 3872 27172
4832 2822 23381
2822 4832 23381
9346 2054 23336
2054 9346 23336
10026 5533 5293
5533 10026 5293
5532 1264 14186
1264 5532 14186
1303 4634 5987
4634 1303 5987
7350 4329 24402
4329 7350 24402
4861 1540 25268
1540 4861 25268
9538 4073 3166
4073 9538 3166
8584 5389 32436
5389 8584 32436
6756 9586 10745
9586 6756 10745
9766 8805 30262
8805 9766 30262
5176 1757 9456
1757 5176 9456
3058 7550 31158
7550 3058 31158
24 10361 17256
10361 24 17256
403 4856 27002
4856 403 27002
6841 9616 5463
9616 6841 5463
9527 5433 13426
5433 9527 13426
2109 6699 4600
6699 2109 4600
1300 9069 1658
9069 1300 1658
3365 7397 4269
7397 3365 4269
3207 2924 31760
2924 3207 31760
7184 4137 3146
4137 7184 3146
9894 8960 19091
8960 9894 19091
222 10060 5576
10060 222 5576
4184 8950 21418
8950 4184 21418
6826 6257 6083
6257 6826 6083
1977 1102 16237
1102 1977 16237
1944 2998 7770
2998 1944 7770
3429 7714 19541
7714 3429 19541
859 7643 20296
7643 859 20296
8750 2481 21804
2481 8750 21804
9847 5165 11339
5165 9847 11339
5035 7363 27756
7363 5035 27756
4070 9622 11834
9622 4070 11834
8177 6645 10710
6645 8177 10710
8625 4726 20821
4726 8625 20821
2459 1041 12832
1041 2459 12832
9177 1586 23476
1586 9177 23476
2761 9626 27143
9626 2761 27143
10122 4177 3297
4177 10122 3297
6436 8772 32060
8772 6436 32060
8242 10091 4611
10091 8242 4611
4512 7898 14035
7898 4512 14035
10191 1871 7201
1871 10191 7201
2703 1331 27709
1331 2703 27709
3736 4412 24166
4412 3736 24166
9621 7889 15612
7889 9621 15612
5925 4533 6254
4533 5925 6254
24 3909 30865
3909 24 30865
7643 4674 13574
4674 7643 13574
8772 2772 26964
2772 8772 26964
6763 2271 32739
2271 6763 32739
2385 9358 24110
9358 2385 24110
5261 4597 5432
4597 5261 5432
6289 2321 26228
2321 6289 26228
7205 683 1082
683 7205 1082
7238 9335 6742
9335 7238 6742
5999 2729 14833
2729 5999 14833
1041 348 20381
348 1041 20381
6645 774 15334
774 6645 15334
4541 2023 3496
2023 4541 3496
9491 5839 4745
5839 9491 4745
2661 9439 17645
9439 2661 17645
5158 8770 4464
8770 5158 4464
5516 5060 3435
5060 5516 3435
7960 159 32692
159 7960 32692
1669 9540 19654
9540 1669 19654
9145 6349 3350
6349 9145 3350
6610 10422 28694
10422 6610 28694
6039 2811 4285
2811 6039 4285
9560 9877 11899
9877 9560 11899
912 8853 21665
8853 912 21665
9494 8198 24866
8198 9494 24866
330 2985 15620
2985 330 15620
3864 3227 12861
3227 3864 12861
1325 3229 32134
3229 1325 32134
3146 4238 2067
4238 3146 2067
2168 9780 21945
9780 2168 21945
9866 3033 29252
3033 9866 29252
2602 3029 3392
3029 2602 3392
8924 8271 20164
8271 8924 20164
5755 6743 11225
6743 5755 11225
504 3392 10560
3392 504 10560
4413 9725 17388
9725 4413 17388
3029 5271 21234
5271 3029 21234
5158 1277 9833
1277 5158 9833
8924 10409 10754
10409 8924 10754
1787 2379 3365
2379 1787 3365
6611 3278 20235
3278 6611 20235
10407 8976 17650
8976 10407 17650
3096 3425 27750
3425 3096 27750
8762 3039 13089
3039 8762 13089
7161 3541 1592
3541 7161 1592
1977 5189 19004
5189 1977 19004
1941 6907 23427
6907 1941 23427
4388 9236 12300
9236 4388 12300
8954 4486 32679
4486 8954 32679
227 583 2894
583 227 2894
10422 3433 20757
3433 10422 20757
5115 7278 14756
7278 5115 14756
2459 5957 7453
5957 2459 7453
7613 4595 7844
4595 7613 7844
4486 4632 27177
4632 4486 27177
1879 8566 25365
8566 1879 25365
7397 7640 22716
7640 7397 22716
9339 768 26546
768 9339 26546
8095 4251 8458
4251 8095 8458
3034 9204 28950
9204 3034 28950
4080 898 13841
898 4080 13841
4329 785 15001
785 4329 15001
1075 387 22636
387 1075 22636
3564 2959 15428
2959 3564 15428
8514 7196 12897
7196 8514 12897
6459 7037 5160
7037 6459 5160
1545 3430 17367
3430 1545 17367
9682 3658 15805
3658 9682 15805
2198 8808 16436
8808 2198 16436
2810 4821 8725
4821 2810 8725
4861 5887 22869
5887 4861 22869
109 9691 8704
9691 109 8704
7021 5505 6689
5505 7021 6689
2014 8084 6012
8084 2014 6012
2374 9197 14430
9197 2374 14430
3324 9054 32260
9054 3324 32260
7209 8706 30939
8706 7209 30939
2848 10451 2456
10451 2848 2456
4243 4699 12803
4699 4243 12803
9804 1362 662
1362 9804 662
8084 9697 30843
9697 8084 30843
5548 7513 20671
7513 5548 20671
3475 1359 24153
1359 3475 24153
5839 4185 18935
4185 5839 18935
7205 1219 14607
1219 7205 14607
10451 1371 10659
1371 10451 10659
9274 10409 27432
10409 9274 27432
1804 1937 7094
1937 1804 7094
2492 9060 1635
9060 2492 1635
5089 1639 4807
1639 5089 4807
971 2226 4052
2226 971 4052
5516 681 17098
681 5516 17098
7056 8816 4879
8816 7056 4879
227 3364 8766
3364 227 8766
159 6977 21131
6977 159 21131
9273 6572 20978
6572 9273 20978
403 4120 4801
4120 403 4801
9546 906 20395
906 9546 20395
8268 4939 2736
4939 8268 2736
1071 10266 29265
10266 1071 29265
7926 6708 16331
6708 7926 16331
2486 9452 28277
9452 2486 28277
7400 9614 19590
9614 7400 19590
9307 1802 6212
1802 9307 6212
8762 5214 6127
5214 8762 6127
2061 2862 21577
2862 2061 21577
4413 3817 10783
3817 4413 10783
8924 7346 14982
7346 8924 14982
10406 7322 23657
7322 10406 23657
8706 706 26580
706 8706 26580
4123 9560 30087
9560 4123 30087
10083 5354 26503
5354 10083 26503
6628 7989 8509
7989 6628 8509
9866 761 5057
761 9866 5057
1586 8653 28716
8653 1586 28716
5676 2769 21768
2769 5676 21768
1075 4397 30659
4397 1075 30659
5144 163 23025
163 5144 23025
9719 1136 5009
1136 9719 5009
2120 2490 17915
2490 2120 17915
2174 3157 111
3157 2174 111
5059 1257 761
1257 5059 761
7346 2972 24371
2972 7346 24371
2226 6598 25241
6598 2226 25241
5389 595 28645
595 5389 28645
1804 1018 9697
1018 1804 9697
6170 9509 22458
9509 6170 22458
7513 3264 24260
3264 7513 24260
7789 465 21308
465 7789 21308
2108 911 1050
911 2108 1050
1449 6033 9059
6033 1449 9059
1787 2988 2718
2988 1787 2718
2852 2589 8081
2589 2852 8081
1944 971 30143
971 1944 30143
7607 10368 28588
10368 7607 28588
7989 8072 10601
8072 7989 10601
7021 7615 22734
7615 7021 22734
9524 5334 25103
5334 9524 25103
2822 9016 3137
9016 2822 3137
8068 7224 10912
7224 8068 10912
4632 6068 23484
6068 4632 23484
7615 8394 42
8394 7615 42
332 2899 26406
2899 332 26406
4137 10060 8535
10060 4137 8535
1310 5661 5959
5661 1310 5959
1346 7136 23563
7136 1346 23563
485 1945 22054
1945 485 22054
5195 9750 5583
9750 5195 5583
1782 2778 16656
2778 1782 16656
8378 7572 23494
7572 8378 23494
9754 8199 22907
8199 9754 22907
1034 9639 3421
9639 1034 3421
8514 4638 20792
4638 8514 20792
8584 5748 16642
5748 8584 16642
8471 854 17341
854 8471 17341
4550 8632 25724
8632 4550 25724
7789 8993 20842
8993 7789 20842
6107 5349 25272
5349 6107 25272
9474 7611 29455
7611 9474 29455
8090 6585 22319
6585 8090 22319
8625 4894 19241
4894 8625 19241
9411 7821 6957
7821 9411 6957
965 2620 1928
2620 965 1928
1077 2069 21404
2069 1077 21404
5968 5187 24924
5187 5968 24924
6743 5045 9772
5045 6743 9772
3999 603 17119
603 3999 17119
1421 7224 29414
7224 1421 29414
3899 1640 24855
1640 3899 24855
1310 3971 27528
3971 1310 27528
6307 4802 32091
4802 6307 32091
2852 9766 13386
9766 2852 13386
3365 7493 21930
7493 3365 21930
6610 10019 29137
10019 6610 29137
5587 8831 23545
8831 5587 23545
8954 4966 22141
4966 8954 22141
965 6994 27631
6994 965 27631
2458 2622 30037
2622 2458 30037
6980 182 13277
182 6980 13277
4184 105 27459
105 4184 27459
9274 5540 12495
5540 9274 12495
10026 9538 24410
9538 10026 24410
18 637 18174
637 18 18174
8625 8694 339
8694 8625 339
6610 2683 30485
2683 6610 30485
8433 8193 6553
8193 8433 6553
8303 6055 17932
6055 8303 17932
4120 5004 106
5004 4120 106
8004 2590 28792
2590 8004 28792
2644 5276 31229
5276 2644 31229
5532 1601 17317
1601 5532 17317
10252 7980 5038
7980 10252 5038
4777 8061 17890
8061 4777 17890
1359 1360 17052
1360 1359 17052
3387 7682 1208
7682 3387 1208
4722 5261 15940
5261 4722 15940
8072 8602 15109
8602 8072 15109
1223 2392 29173
2392 1223 29173
6135 4974 23096
4974 6135 23096
4431 9656 30260
9656 4431 30260
1871 1486 10528
1486 1871 10528
1140 6967 24427
6967 1140 24427
8632 8014 28677
8014 8632 28677
6290 7825 24955
7825 6290 24955
8653 3747 23821
3747 8653 23821
9699 2675 24577
2675 9699 24577
4878 117 15638
117 4878 15638
1375 725 4465
725 1375 4465
5968 7516 9358
7516 5968 9358
9538 7688 28503
7688 9538 28503
5874 5365 235
5365 5874 235
2108 4866 22621
4866 2108 22621
4722 957 5848
957 4722 5848
8663 10085 6373
10085 8663 6373
5855 3688 31282
3688 5855 31282
6967 10372 5462
10372 6967 5462
9479 10483 25696
10483 9479 25696
4192 383 7542
383 4192 7542
2864 9298 17079
9298 2864 17079
124 1702 4700
1702 124 4700
3977 2120 14821
2120 3977 14821
2061 9826 4326
9826 2061 4326
4861 9734 31889
9734 4861 31889
9346 3288 20662
3288 9346 20662
2085 1112 701
1112 2085 701
6170 9981 27679
9981 6170 27679
4184 477 15498
477 4184 15498
3178 8835 24462
8835 3178 24462
1315 9549 5732
9549 1315 5732
335 1835 20305
1835 335 20305
7621 1791 24014
1791 7621 24014
7493 10406 6346
10406 7493 6346
1919 7577 7489
7577 1919 7489
9604 215 28784
215 9604 28784
6086 5529 10967
5529 6086 10967
1075 4530 24620
4530 1075 24620
4737 8871 14523
8871 4737 14523
3541 1055 29170
1055 3541 29170
2956 6485 1943
6485 2956 1943
6611 629 16556
629 6611 16556
2321 740 14971
740 2321 14971
3059 10005 7626
10005 3059 7626
4448 35 2279
35 4448 2279
2040 2310 1045
2310 2040 1045
4939 4687 30467
4687 4939 30467
652 9826 16543
9826 652 16543
7161 6 9520
6 7161 9520
5045 2028 8414
2028 5045 8414
912 7700 32623
7700 912 32623
10422 3081 8529
3081 10422 8529
1484 1613 27223
1613 1484 27223
5911 246 6730
246 5911 6730
8865 9919 20106
9919 8865 20106
3934 6593 20653
6593 3934 20653
4296 1413 25837
1413 4296 25837
4007 5759 11970
5759 4007 11970
8193 2191 13587
2191 8193 13587
231 9575 19822
9575 231 19822
859 10105 9366
10105 859 9366
8831 4590 28785
4590 8831 28785
7427 609 4432
609 7427 4432
4722 7536 14455
7536 4722 14455
7790 8312 2489
8312 7790 2489
3008 7653 9249
7653 3008 9249
458 9077 7636
9077 458 7636
9043 10341 5455
10341 9043 5455
6228 4281 18538
4281 6228 18538
8546 1525 596
1525 8546 596
7548 4247 25485
4247 7548 25485
8960 2181 21213
2181 8960 21213
4418 7562 19604
7562 4418 19604
9043 6874 13990
6874 9043 13990
6288 4190 6928
4190 6288 6928
3146 3949 6244
3949 3146 6244
2922 2310 27498
2310 2922 27498
8296 3256 14690
3256 8296 14690
9656 7247 2343
7247 9656 2343
1702 955 4800
955 1702 4800
7789 1940 3599
1940 7789 3599
10209 9439 24418
9439 10209 24418
2561 6006 8859
6006 2561 8859
5548 6753 15842
6753 5548 15842
4192 349 16771
349 4192 16771
4120 6167 15403
6167 4120 15403
6743 1929 830
1929 6743 830
10266 10023 26249
10023 10266 26249
5089 509 22480
509 5089 22480
9234 4030 12872
4030 9234 12872
10091 2181 1084
2181 10091 1084
1649 3755 24641
3755 1649 24641
4948 8428 1653
8428 4948 1653
4413 2604 19942
2604 4413 19942
5968 9746 32163
9746 5968 32163
595 973 11169
973 595 11169
632 8460 11794
8460 632 11794
2315 8989 17840
8989 2315 17840
7925 7400 32559
7400 7925 32559
9622 7649 2240
7649 9622 2240
3931 8521 14165
8521 3931 14165
9626 6494 15852
6494 9626 15852
395 2397 3162
2397 395 3162
308 2651 12792
2651 308 12792
2035 3418 12580
3418 2035 12580
6743 5044 10710
5044 6743 10710
2459 611 10147
611 2459 10147
10045 4872 15070
4872 10045 15070
8177 8348 7179
8348 8177 7179
1071 9040 26428
9040 1071 26428
2379 513 14622
513 2379 14622
5957 2517 20352
2517 5957 20352
9614 4503 3815
4503 9614 3815
7247 7744 28762
7744 7247 28762
2226 4556 7228
4556 2226 7228
2364 6070 20449
6070 2364 20449
10240 893 8403
893 10240 8403
7960 2023 16376
2023 7960 16376
3365 10485 24795
10485 3365 24795
3430 3880 945
3880 3430 945
8521 3048 17490
3048 8521 17490
8511 1641 17344
1641 8511 17344
706 455 2960
455 706 2960
9054 9107 25169
9107 9054 25169
8280 7898 32702
7898 8280 32702
4413 4723 30948
4723 4413 30948
3736 7015 24883
7015 3736 24883
1277 981 11014
981 1277 11014
906 339 12016
339 906 12016
769 5390 3824
5390 769 3824
3429 3200 2476
3200 3429 2476
2583 5682 18811
5682 2583 18811
7311 9786 14896
9786 7311 14896
904 3372 11500
3372 904 11500
9335 5447 5628
5447 9335 5628
4486 8667 17020
8667 4486 17020
4632 9555 28255
9555 4632 28255
3564 7380 13493
7380 3564 13493
7224 3502 13709
3502 7224 13709
7900 4575 9456
4575 7900 9456
4251 9112 25186
9112 4251 25186
5925 1010 8348
1010 5925 8348
3688 7504 9918
7504 3688 9918
10458 2875 15128
2875 10458 15128
583 2142 5584
2142 583 5584
1239 3758 22336
3758 1239 22336
7455 5506 11945
5506 7455 11945
10464 9930 30726
9930 10464 30726
637 5200 13535
5200 637 13535
5165 8404 4520
8404 5165 4520
7682 2010 9271
2010 7682 9271
4682 32 23903
32 4682 23903
7224 5746 11660
5746 7224 11660
10034 10285 12195
10285 10034 12195
6124 3631 23143
3631 6124 23143
6228 3150 21844
3150 6228 21844
5876 9506 521
9506 5876 521
504 4569 5732
4569 504 5732
769 9609 30169
9609 769 30169
2226 1975 15581
1975 2226 15581
1135 6255 1131
6255 1135 1131
2315 6493 30040
6493 2315 30040
10361 6878 31137
6878 10361 31137
1493 4934 6712
4934 1493 6712
3081 2423 26516
2423 3081 26516
7559 9890 3403
9890 7559 3403
2810 3392 5961
3392 2810 5961
3668 3745 15265
3745 3668 15265
10060 141 20829
141 10060 20829
898 1515 21946
1515 898 21946
6290 5847 3622
5847 6290 3622
5349 4074 14931
4074 5349 14931
7932 6371 23047
6371 7932 23047
8770 2308 7290
2308 8770 7290
1364 75 9696
75 1364 9696
2379 6739 7614
6739 2379 7614
5548 8494 9443
8494 5548 9443
2907 9943 31625
9943 2907 31625
513 6492 4156
6492 513 4156
2714 10424 6921
10424 2714 6921
3736 2514 32320
2514 3736 32320
9759 7410 16692
7410 9759 16692
8433 8575 15916
8575 8433 15916
7030 1928 11466
1928 7030 11466
5682 10245 10901
10245 5682 10901
8844 4036 9833
4036 8844 9833
6288 311 29720
311 6288 29720
6836 9144 32516
9144 6836 32516
3864 5295 21231
5295 3864 21231
2364 3531 28509
3531 2364 28509
3227 9580 10605
9580 3227 10605
10349 7202 27488
7202 10349 27488
8394 10168 15004
10168 8394 15004
5765 5325 21090
5325 5765 21090
403 7066 32614
7066 403 32614
7572 2106 431
2106 7572 431
832 7101 10776
7101 832 10776
5675 274 16641
274 5675 16641
6247 9852 23322
9852 6247 23322
6055 10011 22688
10011 6055 22688
1364 6798 15159
6798 1364 15159
7782 2991 28510
2991 7782 28510
1799 2378 28358
2378 1799 28358
8391 3095 8893
3095 8391 8893
8571 4703 29331
4703 8571 29331
1118 8090 13773
8090 1118 13773
7925 6474 15964
6474 7925 15964
5999 10397 17323
10397 5999 17323
1586 105 21048
105 1586 21048
2458 1139 10416
1139 2458 10416
8960 6899 27467
6899 8960 27467
4872 862 24994
862 4872 24994
8067 8402 20877
8402 8067 20877
5117 670 659
670 5117 659
3278 5592 21392
5592 3278 21392
6598 4595 12074
4595 6598 12074
1926 4610 26245
4610 1926 26245
7030 7140 15497
7140 7030 15497
4856 606 20476
606 4856 20476
8926 4536 26903
4536 8926 26903
