10276 57126 5130
5130 2189 31756
2189 5130 31756
5130 2609 3722
2609 5130 3722
5130 681 29853
681 5130 29853
2189 8076 27285
8076 2189 27285
8076 115 19972
115 8076 19972
2189 1874 29973
1874 2189 29973
8076 3713 9796
3713 8076 9796
3713 6109 3539
6109 3713 3539
2609 7335 8486
7335 2609 8486
2609 3856 31451
3856 2609 31451
3713 5251 3245
5251 3713 3245
6109 411 10171
411 6109 10171
6109 9607 17873
9607 6109 17873
411 7258 18644
7258 411 18644
5251 8210 31591
8210 5251 31591
1874 1272 11030
1272 1874 11030
7335 10184 19963
10184 7335 19963
411 5302 29370
5302 411 29370
6109 9615 26248
9615 6109 26248
2609 5315 11224
5315 2609 11224
7258 3565 14169
3565 7258 14169
7335 7676 26089
7676 7335 26089
7335 1339 371
1339 7335 371
1874 2746 12184
2746 1874 12184
2189 1499 15952
1499 2189 15952
7258 8331 14962
8331 7258 14962
1339 8410 229
8410 1339 229
9607 2514 17996
2514 9607 17996
3713 6006 4635
6006 3713 4635
7335 4044 17024
4044 7335 17024
5315 7012 19525
7012 5315 19525
2609 6737 26442
6737 2609 26442
6109 9690 22078
9690 6109 22078
1339 6194 29679
6194 1339 29679
7258 8148 10796
8148 7258 10796
6109 2937 20091
2937 6109 20091
8410 9997 7466
9997 8410 7466
411 9639 2090
9639 411 2090
4044 5434 13363
5434 4044 13363
7335 4307 21985
4307 7335 21985
7012 2 18480
2 7012 18480
5130 1331 28229
1331 5130 28229
2514 5318 7676
5318 2514 7676
4307 1047 1867
1047 4307 1867
1339 2061 30891
2061 1339 30891
9607 8419 27482
8419 9607 27482
5251 3370 7043
3370 5251 7043
1047 3235 25174
3235 1047 25174
5251 1068 32360
1068 5251 32360
6109 732 1320
732 6109 1320
5130 1075 29349
1075 5130 29349
2609 3785 4774
3785 2609 4774
9997 3970 28504
3970 9997 28504
1331 8768 4840
8768 1331 4840
3713 5459 1008
5459 3713 1008
2609 7622 4709
7622 2609 4709
2937 862 21625
862 2937 21625
10184 92 4210
92 10184 4210
2609 3633 22189
3633 2609 22189
115 3311 29948
3311 115 29948
5302 3155 6146
3155 5302 6146
8076 8071 3985
8071 8076 3985
8148 7165 29739
7165 8148 29739
7676 1597 22032
1597 7676 22032
1874 385 8397
385 1874 8397
5130 4826 25506
4826 5130 25506
5434 8098 7757
8098 5434 7757
8098 3859 10432
3859 8098 10432
3713 2691 18184
2691 3713 18184
5302 3273 25459
3273 5302 25459
7335 4538 11606
4538 7335 11606
3565 4019 25372
4019 3565 25372
1272 8354 3615
8354 1272 3615
6194 1072 23898
1072 6194 23898
7258 3178 8435
3178 7258 8435
681 1315 16872
1315 681 16872
8331 2369 20451
2369 8331 20451
1597 290 6547
290 1597 6547
2061 9506 12425
9506 2061 12425
8148 3170 8337
3170 8148 8337
8331 8084 17663
8084 8331 17663
3273 9335 1758
9335 3273 1758
4538 8066 26304
8066 4538 26304
9335 1010 8559
1010 9335 8559
8084 8586 5789
8586 8084 5789
5251 572 27993
572 5251 27993
2061 929 5199
929 2061 5199
2691 1611 8765
1611 2691 8765
8148 1466 25939
1466 8148 25939
1597 3384 17306
3384 1597 17306
1597 3772 9737
3772 1597 9737
5130 1608 14549
1608 5130 14549
3384 536 29011
536 3384 29011
8354 7852 528
7852 8354 528
411 4711 10792
4711 411 10792
929 9876 13359
9876 929 13359
4538 9056 20434
9056 4538 20434
2061 3494 4251
3494 2061 4251
1272 2636 4312
2636 1272 4312
8071 8881 23964
8881 8071 23964
1499 1615 22969
1615 1499 22969
8331 4862 10857
4862 8331 10857
1272 301 29702
301 1272 29702
6006 1216 30270
1216 6006 30270
4019 869 16266
869 4019 16266
7852 1601 21522
1601 7852 21522
3785 5879 29290
5879 3785 29290
7622 9748 11466
9748 7622 11466
5130 8822 28308
8822 5130 28308
8822 9383 16375
9383 8822 16375
4711 8995 27090
8995 4711 27090
3785 7904 1921
7904 3785 1921
8586 7420 13145
7420 8586 13145
7335 3011 15575
3011 7335 15575
3859 4136 7345
4136 3859 7345
9639 5886 32364
5886 9639 32364
1597 2360 17727
2360 1597 17727
1608 3316 2738
3316 1608 2738
5251 9993 3815
9993 5251 3815
5130 1966 16854
1966 5130 16854
7165 3453 10101
3453 7165 10101
9335 855 12770
855 9335 12770
1047 8161 9681
8161 1047 9681
2691 414 26895
414 2691 26895
8881 9062 2856
9062 8881 2856
1466 3319 14454
3319 1466 14454
9506 825 22419
825 9506 22419
3155 4136 1374
4136 3155 1374
7012 4103 7910
4103 7012 7910
7622 5440 20945
5440 7622 20945
6737 6745 30117
6745 6737 30117
3319 6929 21831
6929 3319 21831
2061 4626 30546
4626 2061 30546
7420 4463 25731
4463 7420 25731
7012 9621 24219
9621 7012 24219
3170 5543 5118
5543 3170 5118
1608 6834 32009
6834 1608 32009
3170 6341 615
6341 3170 615
1597 7554 9017
7554 1597 9017
3178 7157 8490
7157 3178 8490
8098 3847 3027
3847 8098 3027
681 9626 12029
9626 681 12029
8822 1260 27318
1260 8822 27318
1615 6534 31965
6534 1615 31965
3970 9127 12045
9127 3970 12045
6006 4124 4105
4124 6006 4105
1499 9058 8783
9058 1499 8783
4136 9864 21459
9864 4136 21459
1068 10214 10070
10214 1068 10070
414 5773 25707
5773 414 25707
7165 5044 17423
5044 7165 17423
855 6266 6122
6266 855 6122
9997 3601 9592
3601 9997 9592
3847 7005 23873
7005 3847 23873
2369 5156 16605
5156 2369 16605
3453 7785 24802
7785 3453 24802
2369 7685 26264
7685 2369 26264
1597 2112 13626
2112 1597 13626
9056 5971 22982
5971 9056 22982
9876 2798 4437
2798 9876 4437
3155 6401 7585
6401 3155 7585
3601 771 8765
771 3601 8765
5879 3881 29835
3881 5879 29835
8084 6135 31736
6135 8084 31736
7676 8447 21997
8447 7676 21997
869 3720 32058
3720 869 32058
8447 7308 14189
7308 8447 14189
5971 6971 1299
6971 5971 1299
3453 5252 15157
5252 3453 15157
7157 1703 15439
1703 7157 15439
301 4938 30775
4938 301 30775
6834 8291 31806
8291 6834 31806
7308 4025 29370
4025 7308 29370
8419 691 6942
691 8419 6942
8098 7805 19085
7805 8098 19085
9056 3767 10845
3767 9056 10845
9615 7683 29108
7683 9615 29108
4025 1354 3436
1354 4025 3436
4044 4679 14707
4679 4044 14707
1611 1109 20446
1109 1611 20446
536 9010 31994
9010 536 31994
3633 3845 22526
3845 3633 22526
4136 4409 30752
4409 4136 30752
681 7153 3888
7153 681 3888
7785 1728 15858
1728 7785 15858
8331 8471 27567
8471 8331 27567
10214 447 5636
447 10214 5636
5459 4056 32646
4056 5459 32646
6745 3112 6332
3112 6745 6332
691 6211 24277
6211 691 24277
869 9073 535
9073 869 535
3601 4616 25548
4616 3601 25548
825 700 12185
700 825 12185
2369 1171 8406
1171 2369 8406
3384 7053 26979
7053 3384 26979
9639 1644 16873
1644 9639 16873
7153 4792 16289
4792 7153 16289
9626 6954 17413
6954 9626 17413
8995 1890 15571
1890 8995 15571
862 4689 22071
4689 862 22071
2112 2596 17060
2596 2112 17060
411 9833 31170
9833 411 31170
115 6283 27198
6283 115 27198
9690 8514 8000
8514 9690 8000
8410 2312 608
2312 8410 608
855 7994 7377
7994 855 7377
7904 7467 5294
7467 7904 5294
536 5192 32185
5192 536 32185
8071 8934 2276
8934 8071 2276
1615 2442 26105
2442 1615 26105
7157 459 22517
459 7157 22517
9607 10056 9411
10056 9607 9411
3859 9189 6724
9189 3859 6724
5434 2509 9952
2509 5434 9952
7153 6817 25458
6817 7153 25458
1109 84 22112
84 1109 22112
4616 3200 9085
3200 4616 9085
9062 1247 10022
1247 9062 10022
862 8728 30751
8728 862 30751
5434 1560 10291
1560 5434 10291
9690 7317 19114
7317 9690 19114
7005 6692 32703
6692 7005 32703
6401 1948 5598
1948 6401 5598
5971 9798 19579
9798 5971 19579
3767 5610 3176
5610 3767 3176
1611 735 4245
735 1611 4245
1260 1620 25605
1620 1260 25605
4826 5864 6993
5864 4826 6993
5971 8671 4742
8671 5971 4742
2746 7579 27741
7579 2746 27741
1272 905 8487
905 1272 8487
4463 7101 22561
7101 4463 22561
5879 4494 12273
4494 5879 12273
9639 4458 22201
4458 9639 22201
6266 2470 9764
2470 6266 9764
3713 1841 28518
1841 3713 28518
536 808 11741
808 536 11741
7852 4367 12431
4367 7852 12431
5302 5041 18547
5041 5302 18547
9058 3121 10409
3121 9058 10409
8148 9549 22071
9549 8148 22071
9010 6450 28328
6450 9010 28328
4367 9039 10157
9039 4367 10157
4938 6654 2236
6654 4938 2236
8161 3963 26443
3963 8161 26443
3633 1658 30347
1658 3633 30347
1068 4186 12893
4186 1068 12893
414 2529 24626
2529 414 24626
8084 1689 23729
1689 8084 23729
4463 4846 32155
4846 4463 32155
1247 946 28166
946 1247 28166
2369 1004 16929
1004 2369 16929
691 310 14716
310 691 14716
8071 1763 18031
1763 8071 18031
84 6251 20085
6251 84 20085
4938 820 24347
820 4938 24347
7685 8072 16293
8072 7685 16293
3170 2921 22641
2921 3170 22641
3565 5010 10313
5010 3565 10313
681 3482 105
3482 681 105
905 3714 16565
3714 905 16565
4494 8085 3514
8085 4494 3514
5864 7027 2751
7027 5864 2751
4186 9334 8073
9334 4186 8073
3316 7394 29617
7394 3316 29617
9626 7830 4908
7830 9626 4908
7904 1713 3266
1713 7904 3266
1315 8465 21994
8465 1315 21994
5318 8817 31818
8817 5318 31818
5251 6999 14031
6999 5251 14031
1615 2395 22834
2395 1615 22834
1703 9357 8422
9357 1703 8422
8161 7292 3909
7292 8161 3909
5543 676 8304
676 5543 8304
9798 5134 1651
5134 9798 1651
6401 8943 13823
8943 6401 13823
3714 4023 24615
4023 3714 24615
310 6374 20599
6374 310 20599
2937 5486 1336
5486 2937 1336
9615 7828 25438
7828 9615 25438
8354 2241 17445
2241 8354 17445
1109 7037 265
7037 1109 265
808 8430 12945
8430 808 12945
9833 385 14472
385 9833 14472
946 8472 13898
8472 946 13898
9690 645 17758
645 9690 17758
1615 7943 22835
7943 1615 22835
9039 8537 29538
8537 9039 29538
92 2 10473
2 92 10473
691 5812 867
5812 691 867
2746 2548 11782
2548 2746 11782
9864 2847 28007
2847 9864 28007
5610 9063 20549
9063 5610 20549
447 7814 9107
7814 447 9107
9997 9147 5108
9147 9997 5108
4136 3516 1319
3516 4136 1319
8085 503 21118
503 8085 21118
3847 4061 4882
4061 3847 4882
10056 9015 13039
9015 10056 13039
8210 10005 16386
10005 8210 16386
3370 10078 2238
10078 3370 2238
4494 7440 29706
7440 4494 29706
7814 6229 11844
6229 7814 11844
4061 3817 8230
3817 4061 8230
5318 8783 15780
8783 5318 15780
2442 2326 6218
2326 2442 6218
8210 5228 1566
5228 8210 1566
6283 7242 27334
7242 6283 27334
9993 319 5361
319 9993 5361
8066 8323 8732
8323 8066 8732
1689 4541 28765
4541 1689 28765
7292 2440 23196
2440 7292 23196
6341 719 2161
719 6341 2161
7053 8826 26470
8826 7053 26470
3516 5971 13464
5971 3516 13464
9997 8567 31392
8567 9997 31392
3714 5671 9771
5671 3714 9771
8995 1652 29443
1652 8995 29443
7420 6150 22383
6150 7420 22383
6450 3029 9481
3029 6450 9481
8826 1359 31691
1359 8826 31691
4862 2696 16483
2696 4862 16483
946 7169 8470
7169 946 8470
2061 7079 25220
7079 2061 25220
5041 4142 23374
4142 5041 23374
4862 1028 3425
1028 4862 3425
2112 9902 19230
9902 2112 19230
5812 3208 9651
3208 5812 9651
5879 498 25839
498 5879 25839
5543 779 24163
779 5543 24163
6654 6181 24965
6181 6654 24965
3817 5922 7912
5922 3817 7912
7943 9693 594
9693 7943 594
3170 6315 4280
6315 3170 4280
3235 1704 8960
1704 3235 8960
1315 4520 9250
4520 1315 9250
5130 3701 16110
3701 5130 16110
3200 5202 5933
5202 3200 5933
1171 2614 27784
2614 1171 27784
8085 5256 26952
5256 8085 26952
385 5733 10688
5733 385 10688
4689 480 15601
480 4689 15601
10056 8342 31778
8342 10056 31778
5486 2594 1188
2594 5486 1188
4616 4358 11309
4358 4616 11309
9607 8367 2730
8367 9607 2730
6929 429 5874
429 6929 5874
8728 9209 31649
9209 8728 31649
3601 5747 567
5747 3601 567
4520 1897 10711
1897 4520 10711
2636 2894 24194
2894 2636 24194
7317 817 21448
817 7317 21448
7308 1797 16355
1797 7308 16355
5864 2041 25192
2041 5864 25192
3565 281 24911
281 3565 24911
7308 8248 25592
8248 7308 25592
4136 8349 4073
8349 4136 4073
1004 5790 3739
5790 1004 3739
7852 6483 12948
6483 7852 12948
2937 358 25061
358 2937 25061
1466 7116 6045
7116 1466 6045
414 816 8473
816 414 8473
9383 8453 5466
8453 9383 5466
8514 2663 26579
2663 8514 26579
2369 5808 11292
5808 2369 11292
7292 1105 6480
1105 7292 6480
9334 8275 1728
8275 9334 1728
9147 7875 28307
7875 9147 28307
3881 860 17595
860 3881 17595
3970 8006 530
8006 3970 530
5747 1523 13191
1523 5747 13191
2 7856 30653
7856 2 30653
1004 7010 22188
7010 1004 22188
7005 988 22126
988 7005 22126
3847 401 9440
401 3847 9440
1560 4846 25646
4846 1560 25646
9056 4819 1521
4819 9056 1521
6483 8715 26830
8715 6483 26830
6954 1268 12409
1268 6954 12409
5773 7115 12996
7115 5773 12996
1620 5311 22406
5311 1620 22406
8671 7565 10321
7565 8671 10321
7308 5603 30660
5603 7308 30660
9383 9025 9048
9025 9383 9048
4124 4854 20681
4854 4124 20681
4186 1124 24682
1124 4186 24682
2663 9517 650
9517 2663 650
860 5417 31228
5417 860 31228
7943 782 12333
782 7943 12333
319 1735 20154
1735 319 20154
7994 1490 16560
1490 7994 16560
1601 2525 24181
2525 1601 24181
1004 8395 11038
8395 1004 11038
8728 3573 11049
3573 8728 11049
8331 1482 32584
1482 8331 32584
1763 5905 5115
5905 1763 5115
719 5716 23862
5716 719 23862
5886 9212 32331
9212 5886 32331
1359 2731 7386
2731 1359 7386
5134 893 1327
893 5134 1327
6692 6286 21665
6286 6692 21665
2360 8528 25072
8528 2360 25072
8323 7427 2292
7427 8323 2292
5922 8291 24668
8291 5922 24668
1890 614 26573
614 1890 26573
2369 8753 2060
8753 2369 2060
5905 6286 23279
6286 5905 23279
4854 811 16370
811 4854 16370
9833 5134 16470
5134 9833 16470
6194 1733 9162
1733 6194 9162
8881 1157 3075
1157 8881 3075
8537 4378 6975
4378 8537 6975
8430 10120 18225
10120 8430 18225
7005 5598 4330
5598 7005 4330
735 163 8333
163 735 8333
414 9284 31599
9284 414 31599
6483 435 24086
435 6483 24086
480 183 21859
183 480 21859
5610 1516 19615
1516 5610 19615
8881 2692 12486
2692 8881 12486
7805 3031 4658
3031 7805 4658
3772 7037 22837
7037 3772 22837
3720 2355 24520
2355 3720 24520
8148 9814 1051
9814 8148 1051
1272 3747 13324
3747 1272 13324
8934 5592 28814
5592 8934 28814
7317 4929 1061
4929 7317 1061
7005 9699 8344
9699 7005 8344
8291 7240 184
7240 8291 184
5041 9614 5152
9614 5041 5152
5812 8371 7335
8371 5812 7335
1689 2871 12720
2871 1689 12720
8419 4036 18490
4036 8419 18490
7079 7519 25536
7519 7079 25536
401 8426 20134
8426 401 20134
8453 7372 29023
7372 8453 29023
2847 6308 15676
6308 2847 15676
6954 3438 20291
3438 6954 20291
7904 9473 678
9473 7904 678
414 5477 8872
5477 414 8872
6834 9430 23028
9430 6834 23028
6450 863 405
863 6450 405
3384 5643 26729
5643 3384 26729
8671 10078 13388
10078 8671 13388
1171 4246 1614
4246 1171 1614
5773 2290 27162
2290 5773 27162
2395 8124 18997
8124 2395 18997
7012 8539 1991
8539 7012 1991
4494 3972 27489
3972 4494 27489
5311 8819 72
8819 5311 72
7852 1934 15205
1934 7852 15205
7565 3410 6287
3410 7565 6287
1268 8602 8208
8602 1268 8208
5747 1439 7557
1439 5747 7557
2509 1367 28213
1367 2509 28213
905 5172 32656
5172 905 32656
9993 3958 6911
3958 9993 6911
2470 8322 2366
8322 2470 2366
3767 4408 15562
4408 3767 15562
3170 5386 3810
5386 3170 3810
5044 7650 5560
7650 5044 5560
4711 7030 4936
7030 4711 4936
9010 6403 12671
6403 9010 12671
9357 641 460
641 9357 460
1331 4270 19741
4270 1331 19741
9833 4815 22650
4815 9833 22650
3713 3561 6775
3561 3713 6775
3561 4564 31997
4564 3561 31997
9039 8018 19217
8018 9039 19217
7830 2091 3466
2091 7830 3466
5134 2727 29791
2727 5134 29791
5486 6402 23305
6402 5486 23305
1620 4321 9569
4321 1620 9569
3772 3896 27687
3896 3772 27687
2360 4843 14466
4843 2360 14466
825 7514 289
7514 825 289
10078 9793 24056
9793 10078 24056
429 7184 7768
7184 429 7768
1841 5061 23059
5061 1841 23059
3121 2973 14358
2973 3121 14358
681 5621 20546
5621 681 20546
2696 8769 17428
8769 2696 17428
8472 6263 32438
6263 8472 32438
9690 7618 17808
7618 9690 17808
8465 2112 22496
2112 8465 22496
2921 7101 28449
7101 2921 28449
681 101 15951
101 681 15951
6403 5196 16778
5196 6403 16778
8349 4234 7310
4234 8349 7310
863 8416 12593
8416 863 12593
6006 2873 30222
2873 6006 30222
614 5450 25617
5450 614 25617
1890 8900 12112
8900 1890 12112
820 7491 6202
7491 820 6202
8769 1479 31418
1479 8769 31418
817 3042 18237
3042 817 18237
6135 3511 25827
3511 6135 25827
8426 1276 13589
1276 8426 13589
2663 1447 13885
1447 2663 13885
5228 8834 22894
8834 5228 22894
3155 9086 6498
9086 3155 6498
1516 6976 2138
6976 1516 2138
2937 2256 31856
2256 2937 31856
735 2295 31691
2295 735 31691
6374 5 18743
5 6374 18743
5251 1888 29050
1888 5251 29050
869 8723 9000
8723 869 9000
7242 10043 2296
10043 7242 2296
385 9145 11076
9145 385 11076
3772 10007 31773
10007 3772 31773
3970 8607 10624
8607 3970 10624
8085 7687 16406
7687 8085 16406
1897 4393 14418
4393 1897 14418
3970 9739 10173
9739 3970 10173
7650 9296 31336
9296 7650 31336
2596 8196 20480
8196 2596 20480
7565 1752 19385
1752 7565 19385
771 7755 1410
7755 771 1410
7491 6906 5742
6906 7491 5742
92 2930 32451
2930 92 32451
1890 7277 18769
7277 1890 18769
3370 7428 18528
7428 3370 18528
5671 2576 12491
2576 5671 12491
6654 1050 10589
1050 6654 10589
2509 4055 29847
4055 2509 29847
414 7491 9071
7491 414 9071
5252 1720 2992
1720 5252 2992
8006 7578 6073
7578 8006 6073
9063 9657 25891
9657 9063 25891
1841 726 4746
726 1841 4746
8723 7485 8145
7485 8723 8145
5386 5311 24811
5311 5386 24811
435 5905 17481
5905 435 17481
4321 4421 26922
4421 4321 26922
726 786 23346
786 726 23346
2636 3027 23464
3027 2636 23464
4044 7779 16397
7779 4044 16397
8419 3015 17283
3015 8419 17283
4270 3485 817
3485 4270 817
6971 7181 22279
7181 6971 22279
7240 1590 24396
1590 7240 24396
3031 1801 13792
1801 3031 13792
5434 4577 1492
4577 5434 1492
1689 6468 6014
6468 1689 6014
6374 4854 9000
4854 6374 9000
2295 3851 22075
3851 2295 22075
10005 4548 18004
4548 10005 18004
5543 9470 21526
9470 5543 21526
7420 152 8628
152 7420 8628
5061 5117 31776
5117 5061 31776
4843 2768 12521
2768 4843 12521
6834 8969 12273
8969 6834 12273
7308 209 1504
209 7308 1504
1611 7939 21187
7939 1611 21187
3494 6432 8663
6432 3494 8663
6374 5067 27646
5067 6374 27646
1072 9479 8358
9479 1072 8358
676 8713 6494
8713 676 6494
905 3405 27576
3405 905 27576
808 2359 19706
2359 808 19706
786 9206 30581
9206 786 30581
8723 6073 11728
6073 8723 11728
5592 1366 2315
1366 5592 2315
8395 843 29098
843 8395 29098
929 7891 31709
7891 929 31709
2290 678 15731
678 2290 15731
8995 335 17661
335 8995 17661
7514 1307 5462
1307 7514 5462
5156 2811 22652
2811 5156 22652
9189 4261 14397
4261 9189 14397
7943 4881 26486
4881 7943 26486
8084 1827 31368
1827 8084 31368
2798 6411 32551
6411 2798 32551
385 1289 25114
1289 385 25114
719 2231 12391
2231 719 12391
5610 8417 31238
8417 5610 31238
7317 1810 25692
1810 7317 25692
7805 8679 7815
8679 7805 7815
6450 9268 11858
9268 6450 11858
10043 258 29196
258 10043 29196
7856 7418 5096
7418 7856 5096
5311 1639 21106
1639 5311 21106
1004 8793 15385
8793 1004 15385
2442 3961 4558
3961 2442 4558
6073 5958 2772
5958 6073 2772
4541 3278 30801
3278 4541 30801
10120 4441 12811
4441 10120 12811
8783 144 15660
144 8783 15660
10007 3756 660
3756 10007 660
3482 7757 17024
7757 3482 17024
5812 4342 5676
4342 5812 5676
1728 3318 1207
3318 1728 1207
1720 5851 6513
5851 1720 6513
3208 697 26592
697 3208 26592
6229 7066 22467
7066 6229 22467
5790 5385 28132
5385 5790 28132
8826 5292 1078
5292 8826 1078
5385 795 30380
795 5385 30380
7242 3870 25129
3870 7242 25129
1752 4886 1935
4886 1752 1935
7814 8865 13594
8865 7814 13594
6411 3634 18846
3634 6411 18846
9748 9350 4815
9350 9748 4815
9607 8325 1714
8325 9607 1714
209 2597 9198
2597 209 9198
1516 3499 31554
3499 1516 31554
8768 5962 24209
5962 8768 24209
4541 7418 26469
7418 4541 26469
9284 3958 9095
3958 9284 9095
8416 6177 29593
6177 8416 29593
1367 4718 12858
4718 1367 12858
3208 5256 19993
5256 3208 19993
2061 10035 28781
10035 2061 28781
7317 6905 27633
6905 7317 27633
7101 9813 23127
9813 7101 23127
1479 4720 9488
4720 1479 9488
6401 3566 25795
3566 6401 25795
6692 6408 1283
6408 6692 1283
779 9759 32319
9759 779 32319
811 3438 12832
3438 811 12832
1482 3502 32121
3502 1482 32121
5318 6415 19277
6415 5318 19277
862 9112 31330
9112 862 31330
7467 6722 8360
6722 7467 8360
1689 4380 7344
4380 1689 7344
735 10106 17841
10106 735 17841
6929 4241 9681
4241 6929 9681
5228 5054 15313
5054 5228 15313
3316 1379 13677
1379 3316 13677
8586 4736 27214
4736 8586 27214
3516 5036 20237
5036 3516 20237
1841 2414 21769
2414 1841 21769
5477 5241 19586
5241 5477 19586
5864 166 5534
166 5864 5534
7785 4295 31764
4295 7785 31764
8371 4964 4797
4964 8371 4797
3311 9108 31416
9108 3311 31416
3482 315 24529
315 3482 24529
3178 2500 14761
2500 3178 14761
3011 8510 9045
8510 3011 9045
2414 10237 23616
10237 2414 23616
3200 3751 27752
3751 3200 27752
4616 8113 1507
8113 4616 1507
4792 9225 4213
9225 4792 4213
2609 1691 6491
1691 2609 6491
8528 2924 4116
2924 8528 4116
4541 8282 8696
8282 4541 8696
2256 47 11889
47 2256 11889
258 9816 29768
9816 258 29768
6411 488 26832
488 6411 26832
9063 2074 22347
2074 9063 22347
4846 5748 25616
5748 4846 25616
5241 7528 2157
7528 5241 2157
4241 3335 17468
3335 4241 17468
5851 7150 31666
7150 5851 31666
1874 13 18053
13 1874 18053
4826 8737 9929
8737 4826 9929
5962 1116 28732
1116 5962 28732
3961 6556 16652
6556 3961 16652
862 7685 17834
7685 862 17834
115 2750 31641
2750 115 31641
946 986 20945
986 946 20945
2074 4824 7171
4824 2074 7171
4679 5915 25726
5915 4679 25726
2871 1222 26953
1222 2871 26953
1315 4189 24118
4189 1315 24118
9833 279 19997
279 9833 19997
7618 3968 14817
3968 7618 14817
7418 5184 17565
5184 7418 17565
4689 7425 21054
7425 4689 21054
9614 8420 24328
8420 9614 24328
1482 9853 13709
9853 1482 13709
1109 4589 24095
4589 1109 24095
7514 5955 17389
5955 7514 17389
1479 678 4390
678 1479 4390
2924 33 25944
33 2924 25944
8943 1890 1227
1890 8943 1227
735 9662 27220
9662 735 27220
1289 3730 7511
3730 1289 7511
9517 6577 13992
6577 9517 13992
5716 9819 28152
9819 5716 28152
1841 4412 14257
4412 1841 14257
4843 2843 16902
2843 4843 16902
5962 3499 28725
3499 5962 28725
1827 1875 11913
1875 1827 11913
7418 6237 8646
6237 7418 8646
3817 9396 29046
9396 3817 29046
2924 10103 24582
10103 2924 24582
9225 7289 12629
7289 9225 12629
8793 7679 13433
7679 8793 13433
1644 26 11085
26 1644 11085
1490 1731 31141
1731 1490 31141
9396 4591 22227
4591 9396 22227
7277 10167 19116
10167 7277 19116
5643 3238 19809
3238 5643 19809
8679 7742 24741
7742 8679 24741
7030 793 10761
793 7030 10761
163 6508 2398
6508 163 2398
8325 5219 26561
5219 8325 26561
4241 3996 6998
3996 4241 6998
7514 5581 22197
5581 7514 22197
9010 6545 30978
6545 9010 30978
7891 8475 24583
8475 7891 24583
5 6033 27077
6033 5 27077
5864 6756 19645
6756 5864 19645
6263 10028 22815
10028 6263 22815
1827 5987 28636
5987 1827 28636
8410 5303 31994
5303 8410 31994
4061 3996 15572
3996 4061 15572
7240 900 2600
900 7240 2600
9615 8853 19147
8853 9615 19147
1331 3232 2668
3232 1331 2668
6408 60 23149
60 6408 23149
6286 1447 10653
1447 6286 10653
8607 5874 30537
5874 8607 30537
9209 8438 30664
8438 9209 30664
411 1703 3812
1703 411 3812
4246 1661 15458
1661 4246 15458
9853 3311 9989
3311 9853 9989
1890 3705 6883
3705 1890 6883
2696 10053 2538
10053 2696 2538
3565 600 863
600 3565 863
3011 219 6764
219 3011 6764
8671 5123 18940
5123 8671 18940
4023 9295 23345
9295 4023 23345
8248 2260 22104
2260 8248 22104
3502 5114 23424
5114 3502 23424
8124 1703 14390
1703 8124 14390
7153 7094 345
7094 7153 345
2692 889 8461
889 2692 8461
2112 5209 23514
5209 2112 23514
5256 997 23124
997 5256 23124
3031 3946 6681
3946 3031 6681
988 9015 24213
9015 988 24213
9039 6987 16891
6987 9039 16891
5886 1423 20405
1423 5886 20405
4124 8692 8113
8692 4124 8113
9295 5898 12023
5898 9295 12023
9015 5231 29147
5231 9015 29147
3996 6903 2963
6903 3996 2963
5864 816 24462
816 5864 24462
5434 595 25353
595 5434 25353
10078 6469 7339
6469 10078 7339
5905 6464 14967
6464 5905 14967
9759 6431 5694
6431 9759 5694
6722 317 6797
317 6722 6797
7685 6213 25581
6213 7685 25581
4295 8474 8192
8474 4295 8192
2414 9400 23703
9400 2414 23703
8943 7711 20617
7711 8943 20617
3121 3678 23478
3678 3121 23478
8006 8127 26836
8127 8006 26836
7317 1194 21026
1194 7317 21026
9470 9481 29158
9481 9470 29158
1611 5332 30785
5332 1611 30785
4378 4194 11493
4194 4378 11493
5219 5906 12493
5906 5219 12493
9813 10214 23116
10214 9813 23116
3859 145 12984
145 3859 12984
5311 6917 7656
6917 5311 7656
5922 7689 13777
7689 5922 13777
4044 7133 21308
7133 4044 21308
1608 1737 28990
1737 1608 28990
5209 1786 7699
1786 5209 7699
1661 8892 3040
8892 1661 3040
9350 8876 29038
8876 9350 29038
4854 9227 32319
9227 4854 32319
1109 9042 15126
9042 1109 15126
7242 5383 8851
5383 7242 8851
459 3129 27756
3129 459 27756
6401 5274 6907
5274 6401 6907
4846 5907 18779
5907 4846 18779
7418 4579 7954
4579 7418 7954
5879 3185 19567
3185 5879 19567
2727 5360 31056
5360 2727 31056
676 3354 7040
3354 676 7040
5156 7056 20996
7056 5156 20996
2750 494 2681
494 2750 2681
2326 9850 10440
9850 2326 10440
10214 2959 4628
2959 10214 4628
7372 9550 24249
9550 7372 24249
8737 8520 32434
8520 8737 32434
7394 8197 17122
8197 7394 17122
7491 176 32657
176 7491 32657
3011 5134 32661
5134 3011 32661
5643 1356 14599
1356 5643 14599
4736 6464 25252
6464 4736 25252
6263 600 7322
600 6263 7322
5874 947 5055
947 5874 5055
6954 4115 8193
4115 6954 8193
4843 9802 13152
9802 4843 13152
9025 6737 2165
6737 9025 2165
5044 1514 25098
1514 5044 25098
6150 505 29154
505 6150 29154
9063 7805 8901
7805 9063 8901
8737 6588 4555
6588 8737 4555
8331 9863 15651
9863 8331 15651
5716 3418 1030
3418 5716 1030
7181 867 554
867 7181 554
6450 8652 17310
8652 6450 17310
1466 9585 29947
9585 1466 29947
4295 93 23671
93 4295 23671
7685 3944 8982
3944 7685 8982
4307 4552 29322
4552 4307 29322
8768 7769 16759
7769 8768 16759
3870 3848 465
3848 3870 465
4626 8861 15122
8861 4626 15122
7519 6293 17983
6293 7519 17983
6976 7526 4694
7526 6976 4694
3565 8870 7512
8870 3565 7512
8943 9856 6834
9856 8943 6834
9853 2688 31550
2688 9853 31550
8793 2276 28770
2276 8793 28770
6283 10082 19286
10082 6283 19286
7394 3305 993
3305 7394 993
5228 6980 22738
6980 5228 22738
2636 8229 23513
8229 2636 23513
8349 9815 13754
9815 8349 13754
2312 1775 11116
1775 2312 11116
8679 1044 5970
1044 8679 5970
5134 8148 21533
8148 5134 21533
1713 349 21742
349 1713 21742
1194 3189 12754
3189 1194 12754
7181 4006 12948
4006 7181 12948
4541 9152 29851
9152 4541 29851
9993 4791 29432
4791 9993 29432
2692 4315 8009
4315 2692 8009
8447 9823 25780
9823 8447 25780
2937 5447 21240
5447 2937 21240
8196 2886 19668
2886 8196 19668
5202 3816 12051
3816 5202 12051
8447 7269 17670
7269 8447 17670
5184 1808 2690
1808 5184 2690
8475 66 28176
66 8475 28176
8420 6130 30210
6130 8420 30210
786 1793 18264
1793 786 18264
5274 6194 8405
6194 5274 8405
8325 2950 8872
2950 8325 8872
7094 5165 12361
5165 7094 12361
1948 243 5996
243 1948 5996
2112 8135 12236
8135 2112 12236
4679 6413 6946
6413 4679 6946
7755 10244 17029
10244 7755 17029
8861 6834 3253
6834 8861 3253
8447 7123 170
7123 8447 170
1731 8854 7917
8854 1731 7917
9039 2761 14859
2761 9039 14859
889 7685 12880
7685 889 12880
8066 10149 1160
10149 8066 1160
6906 3940 26870
3940 6906 26870
9430 942 22643
942 9430 22643
2041 1182 8004
1182 2041 8004
163 7335 22017
7335 163 22017
6834 3819 2700
3819 6834 2700
9086 1743 30308
1743 9086 30308
6545 2449 6910
2449 6545 6910
8753 4784 12316
4784 8753 12316
9815 7581 28790
7581 9815 28790
1720 6174 18849
6174 1720 18849
3208 3198 18950
3198 3208 18950
3335 5316 1657
5316 3335 1657
7875 6621 26193
6621 7875 26193
5879 3709 23123
3709 5879 23123
5790 6970 24326
6970 5790 24326
9690 879 10943
879 9690 10943
863 5408 13358
5408 863 13358
7805 1288 13208
1288 7805 13208
9430 8024 3069
8024 9430 3069
301 4805 11077
4805 301 11077
8713 2173 12907
2173 8713 12907
10214 3967 6989
3967 10214 6989
7101 1869 12223
1869 7101 12223
9470 6389 22270
6389 9470 22270
5256 4003 28625
4003 5256 28625
8325 7929 23831
7929 8325 23831
3730 1580 31664
1580 3730 31664
7037 7795 4778
7795 7037 4778
8474 2605 17902
2605 8474 17902
5886 3241 29879
3241 5886 29879
3015 8685 3521
8685 3015 3521
8416 9716 27450
9716 8416 27450
2950 9093 30644
9093 2950 30644
3516 2088 9103
2088 3516 9103
8817 3660 15018
3660 8817 15018
4792 9973 4483
9973 4792 4483
947 8524 13907
8524 947 13907
4023 3419 15727
3419 4023 15727
5252 850 1129
850 5252 1129
1763 4790 11046
4790 1763 11046
8723 3882 10323
3882 8723 10323
3232 643 14500
643 3232 14500
4520 2081 30970
2081 4520 30970
3305 1913 9406
1913 3305 9406
7491 6361 20212
6361 7491 20212
7277 5746 19778
5746 7277 19778
10244 8771 30039
8771 10244 30039
2663 1713 29003
1713 2663 29003
6917 7287 26057
7287 6917 26057
719 4544 12208
4544 719 12208
536 3981 2226
3981 536 2226
2449 5484 25310
5484 2449 25310
9062 5872 6291
5872 9062 6291
6286 7579 12917
7579 6286 12917
2189 4290 29681
4290 2189 29681
2636 2833 2181
2833 2636 2181
6177 5208 11098
5208 6177 11098
8876 4947 23362
4947 8876 23362
6073 2591 361
2591 6073 361
10149 7416 15737
7416 10149 15737
893 113 28882
113 893 28882
5748 2373 14143
2373 5748 14143
1827 5616 12511
5616 1827 12511
7683 4335 21893
4335 7683 21893
8229 6680 10988
6680 8229 10988
2041 8457 31385
8457 2041 31385
4826 3951 29627
3951 4826 29627
8943 8358 4793
8358 8943 4793
1247 866 12730
866 1247 12730
7467 729 14155
729 7467 14155
1354 7208 30094
7208 1354 30094
2355 4154 20560
4154 2355 20560
5872 1941 31879
1941 5872 31879
6464 652 14123
652 6464 14123
5746 6337 11462
6337 5746 11462
494 5164 3805
5164 494 3805
3311 1556 26934
1556 3311 26934
4819 10260 17720
10260 4819 17720
8854 411 12207
411 8854 12207
1072 4779 19900
4779 1072 19900
503 10111 24027
10111 503 24027
9073 1440 29218
1440 9073 29218
893 8217 2477
8217 893 2477
26 7037 23992
7037 26 23992
5886 7499 8343
7499 5886 8343
9823 1229 8218
1229 9823 8218
9621 1499 3256
1499 9621 3256
258 2986 6392
2986 258 6392
2973 2405 440
2405 2973 440
6745 4574 25052
4574 6745 25052
6251 8087 23319
8087 6251 23319
7010 4098 11311
4098 7010 11311
4790 3136 13328
3136 4790 13328
6588 9014 30969
9014 6588 30969
3185 815 9568
815 3185 9568
9614 7238 23811
7238 9614 23811
6756 1620 28565
1620 6756 28565
3713 101 32616
101 3713 32616
6408 2582 22703
2582 6408 22703
825 5869 31165
5869 825 31165
7757 9660 14905
9660 7757 14905
4824 1870 2127
1870 4824 2127
6213 7911 14629
7911 6213 14629
7528 6716 24114
6716 7528 24114
5274 756 29451
756 5274 29451
8358 7583 17422
7583 8358 17422
860 326 9380
326 860 9380
7123 5247 14832
5247 7123 14832
2959 8484 31631
8484 2959 31631
7094 10198 29581
10198 7094 29581
3730 3279 31176
3279 3730 31176
4358 789 941
789 4358 941
3566 701 7001
701 3566 7001
2112 9007 14022
9007 2112 14022
9798 1288 24360
1288 9798 24360
8197 5201 17899
5201 8197 17899
4241 3182 31216
3182 4241 31216
905 9686 660
9686 905 660
7153 6987 26317
6987 7153 26317
1652 3190 12528
3190 1652 12528
7875 9544 19169
9544 7875 19169
946 475 18877
475 946 18877
6906 3299 18930
3299 6906 18930
4574 5097 7653
5097 4574 7653
60 8 2081
8 60 2081
8854 203 9534
203 8854 9534
5898 8349 14590
8349 5898 14590
2525 5805 28491
5805 2525 28491
1028 8193 22183
8193 1028 22183
7240 4661 2006
4661 7240 2006
4541 9579 31678
9579 4541 31678
6483 2816 31398
2816 6483 31398
1875 862 29001
862 1875 29001
8248 3773 18645
3773 8248 18645
219 504 24038
504 219 24038
6411 1316 26468
1316 6411 26468
4358 8682 13783
8682 4358 13783
4261 1564 4645
1564 4261 4645
4564 2343 9162
2343 4564 9162
2 4003 12047
4003 2 12047
279 8091 12406
8091 279 12406
2529 9736 32152
9736 2529 32152
8474 1054 856
1054 8474 856
2061 6558 10931
6558 2061 10931
3701 2183 16702
2183 3701 16702
9856 534 28019
534 9856 28019
176 7961 23897
7961 176 23897
9856 4856 22928
4856 9856 22928
6337 636 14357
636 6337 14357
8291 7865 27707
7865 8291 27707
2597 4868 13032
4868 2597 13032
2873 879 19715
879 2873 19715
2692 498 717
498 2692 717
3182 4225 8127
4225 3182 8127
9108 4879 4914
4879 9108 4914
2343 4320 26034
4320 2343 26034
850 2871 18812
2871 850 18812
9063 5312 7014
5312 9063 7014
6917 5943 32111
5943 6917 32111
3311 728 19958
728 3311 19958
5616 6419 5403
6419 5616 5403
7795 2152 7609
2152 7795 7609
5905 9190 29472
9190 5905 29472
1514 4769 23949
4769 1514 23949
7683 5336 23650
5336 7683 23650
889 8202 1331
8202 889 1331
3882 8419 13962
8419 3882 13962
2636 4261 21119
4261 2636 21119
7037 6211 4834
6211 7037 4834
3870 2550 2119
2550 3870 2119
726 9361 29042
9361 726 29042
385 6019 2896
6019 385 2896
3410 2608 5731
2608 3410 5731
6716 10123 31922
10123 6716 31922
1870 9125 16409
9125 1870 16409
10082 2776 11880
2776 10082 11880
815 3426 5760
3426 815 5760
1661 3292 14851
3292 1661 14851
7101 2793 23674
2793 7101 23674
411 3930 27326
3930 411 27326
4003 4435 21119
4435 4003 21119
5958 4403 25447
4403 5958 25447
3714 8450 26050
8450 3714 26050
9716 8743 15819
8743 9716 15819
4261 1544 18805
1544 4261 18805
8537 1116 9400
1116 8537 9400
9056 10096 15
10096 9056 15
7491 4820 27310
4820 7491 27310
5385 4048 14490
4048 5385 14490
2369 9682 11976
9682 2369 11976
2112 5545 18541
5545 2112 18541
7581 6010 3739
6010 7581 3739
9063 410 1001
410 9063 1001
3418 4083 32490
4083 3418 32490
6341 2928 22797
2928 6341 22797
8426 7833 32393
7833 8426 32393
3235 3302 25852
3302 3235 25852
2886 1778 15810
1778 2886 15810
5610 2647 22983
2647 5610 22983
7779 188 23066
188 7779 23066
5318 5687 31781
5687 5318 31781
5459 909 16718
909 5459 16718
447 6728 22738
6728 447 22738
6556 597 32717
597 6556 32717
5311 3339 8144
3339 5311 8144
4019 5222 32307
5222 4019 32307
8124 9051 26562
9051 8124 26562
1615 3993 20067
3993 1615 20067
1289 719 1559
719 1289 1559
7287 809 29772
809 7287 29772
5315 8431 14529
8431 5315 14529
7891 1158 24462
1158 7891 24462
3940 3791 9382
3791 3940 9382
4194 8886 25199
8886 4194 25199
4616 1670 14353
1670 4616 14353
2973 3916 10208
3916 2973 10208
869 816 25297
816 869 25297
8853 749 19842
749 8853 19842
1157 9050 24002
9050 1157 24002
7372 757 10225
757 7372 10225
8135 7451 31219
7451 8135 31219
3121 1544 9918
1544 3121 9918
8876 1370 13231
1370 8876 13231
729 3984 6866
3984 729 6866
1288 9458 8200
9458 1288 8200
435 6528 7489
6528 435 7489
2355 3749 19389
3749 2355 19389
8161 1160 19890
1160 8161 19890
860 9060 22669
9060 860 22669
862 2900 26330
2900 862 26330
2355 4501 8791
4501 2355 8791
5886 1201 3278
1201 5886 3278
2081 8262 1943
8262 2081 1943
9793 4345 3088
4345 9793 3088
1890 9847 10532
9847 1890 10532
3370 6731 20893
6731 3370 20893
9335 2347 9010
2347 9335 9010
3405 4581 883
4581 3405 883
9145 3825 30219
3825 9145 30219
1620 5306 7740
5306 1620 7740
8475 5529 7932
5529 8475 7932
9025 8105 10279
8105 9025 10279
8692 9528 21096
9528 8692 21096
4879 542 12823
542 4879 12823
3972 9202 28161
9202 3972 28161
7689 7424 22445
7424 7689 22445
9506 8508 9871
8508 9506 9871
8395 7099 984
7099 8395 984
817 4148 14040
4148 817 14040
8087 5051 17139
5051 8087 17139
997 3284 32129
3284 997 32129
9528 1255 11412
1255 9528 11412
3031 5512 5630
5512 3031 5630
2900 5367 16030
5367 2900 16030
4711 3247 7405
3247 4711 7405
9693 2510 12339
2510 9693 12339
488 559 2673
559 488 2673
3859 6806 7830
6806 3859 7830
7123 5224 28009
5224 7123 28009
2873 3598 20256
3598 2873 20256
7581 7394 26768
7394 7581 26768
4261 8428 26835
8428 4261 26835
1560 1465 12016
1465 1560 12016
5598 4404 19762
4404 5598 19762
319 5836 28465
5836 319 28465
401 5131 27494
5131 401 27494
8193 1946 13727
1946 8193 13727
8679 3698 23001
3698 8679 23001
4136 770 23300
770 4136 23300
7581 88 458
88 7581 458
47 3715 10923
3715 47 10923
2696 2907 1420
2907 2696 1420
1222 3975 5159
3975 1222 5159
3573 337 5483
337 3573 5483
447 239 3494
239 447 3494
2833 6888 28785
6888 2833 28785
3011 9989 21001
9989 3011 21001
10244 9569 9591
9569 10244 9591
3972 4383 29170
4383 3972 29170
8783 1499 7757
1499 8783 7757
1620 1722 20867
1722 1620 20867
145 8854 25060
8854 145 25060
3419 1331 13445
1331 3419 13445
3634 6545 7086
6545 3634 7086
315 8071 31027
8071 315 31027
4103 1009 9665
1009 4103 9665
756 9667 9694
9667 756 9694
3951 268 24663
268 3951 24663
9759 9209 2075
9209 9759 2075
8753 9290 23745
9290 8753 23745
7578 9853 25671
9853 7578 25671
5790 94 6892
94 5790 6892
319 8256 10875
8256 319 10875
2609 7838 8196
7838 2609 8196
3747 4394 25164
4394 3747 25164
4581 5480 20958
5480 4581 20958
5746 5489 4331
5489 5746 4331
3573 658 5672
658 3573 5672
4380 4646 21883
4646 4380 21883
5247 6290 1432
6290 5247 1432
2514 1055 26043
1055 2514 26043
3785 3196 25231
3196 3785 25231
4846 7652 2396
7652 4846 2396
816 10180 16361
10180 816 16361
9112 9575 15503
9575 9112 15503
4408 7220 12274
7220 4408 12274
817 8081 21171
8081 817 21171
1875 7777 15540
7777 1875 15540
1703 4544 22581
4544 1703 22581
9481 1391 8742
1391 9481 8742
9202 9216 7924
9216 9202 7924
1288 8070 6103
8070 1288 6103
1841 1420 25289
1420 1841 25289
9479 8231 15148
8231 9479 15148
2647 4554 23558
4554 2647 23558
8586 7393 11352
7393 8586 11352
1201 5728 29707
5728 1201 29707
6337 688 32639
688 6337 32639
2260 9727 13372
9727 2260 13372
3859 5370 4309
5370 3859 4309
9152 572 511
572 9152 511
1608 2926 26009
2926 1608 26009
4083 5210 23184
5210 4083 23184
4868 7234 23853
7234 4868 23853
4421 2359 6086
2359 4421 6086
900 6291 23750
6291 900 23750
4142 8928 25378
8928 4142 25378
9268 7607 9578
7607 9268 9578
9575 1170 28348
1170 9575 28348
4124 8170 30509
8170 4124 30509
9506 7391 25584
7391 9506 25584
5196 1795 22002
1795 5196 22002
5196 10266 17874
10266 5196 17874
2369 5756 795
5756 2369 795
7499 9628 22997
9628 7499 22997
9544 6897 23790
6897 9544 23790
2514 2160 4908
2160 2514 4908
6374 7754 8082
7754 6374 8082
6415 658 3527
658 6415 3527
9063 8268 19705
8268 9063 19705
8524 331 27646
331 8524 27646
3438 744 6161
744 3438 6161
101 4642 30284
4642 101 30284
4083 7754 25868
7754 4083 25868
301 5749 16035
5749 301 16035
5748 8253 5029
8253 5748 5029
243 7150 20797
7150 243 20797
7795 10101 10665
10101 7795 10665
4544 95 15102
95 4544 15102
8943 900 25392
900 8943 25392
4441 10075 29118
10075 4441 29118
9093 5896 31558
5896 9093 31558
3426 1916 1301
1916 3426 1301
7491 2329 31479
2329 7491 31479
770 1949 32381
1949 770 32381
7165 1880 22011
1880 7165 22011
3136 6157 3563
6157 3136 3563
1260 1562 25458
1562 1260 25458
3817 5768 7210
5768 3817 7210
5864 323 9839
323 5864 9839
9693 8401 11933
8401 9693 11933
9209 8352 11599
8352 9209 11599
749 9128 16438
9128 749 16438
9481 5257 24575
5257 9481 24575
9357 132 25023
132 9357 25023
7519 5029 13511
5029 7519 13511
1670 8397 10190
8397 1670 10190
595 6693 16432
6693 595 16432
9430 3689 14072
3689 9430 14072
10028 792 16420
792 10028 16420
4646 1425 12058
1425 4646 12058
2847 3955 27479
3955 2847 27479
8854 4187 23771
4187 8854 23771
5749 2000 17810
2000 5749 17810
7754 126 1202
126 7754 1202
9396 5084 20102
5084 9396 20102
3856 4085 23816
4085 3856 23816
9607 8836 25637
8836 9607 25637
2871 6423 30048
6423 2871 30048
7683 9566 29369
9566 7683 29369
163 8252 26243
8252 163 26243
1523 7427 23595
7427 1523 23595
7683 2142 19484
2142 7683 19484
6194 1873 11584
1873 6194 11584
2074 1006 16980
1006 2074 16980
5 2803 4787
2803 5 4787
9793 9954 580
9954 9793 580
6897 869 22895
869 6897 22895
429 2136 20063
2136 429 20063
3847 9052 27741
9052 3847 27741
4815 650 15387
650 4815 15387
209 1213 1924
1213 209 1924
9458 4567 6789
4567 9458 6789
4846 8134 2916
8134 4846 2916
9690 3578 19845
3578 9690 19845
1158 10035 19672
10035 1158 19672
4383 8651 1019
8651 4383 1019
3598 5046 15592
5046 3598 15592
9430 6104 17151
6104 9430 17151
4290 7629 8521
7629 4290 8521
3881 10200 27369
10200 3881 27369
1272 4461 8576
4461 1272 8576
8210 6695 10980
6695 8210 10980
5318 4028 30182
4028 5318 30182
7622 5070 24133
5070 7622 24133
2112 4361 23807
4361 2112 23807
4846 191 6878
191 4846 6878
4225 3748 28892
3748 4225 28892
3208 984 23025
984 3208 23025
9727 9197 22917
9197 9727 22917
1556 2784 11689
2784 1556 11689
9268 7888 31392
7888 9268 31392
4579 9427 29459
9427 4579 29459
6150 6455 27081
6455 6150 27081
4335 732 29967
732 4335 29967
3319 6066 2141
6066 3319 2141
2663 6604 3765
6604 2663 3765
8737 317 22181
317 8737 22181
2907 9450 7199
9450 2907 7199
2112 9629 20384
9629 2112 20384
9802 2402 32412
2402 9802 32412
8768 5947 9186
5947 8768 9186
3198 4645 13743
4645 3198 13743
315 3949 20289
3949 315 20289
6528 7241 8301
7241 6528 8301
732 2899 6213
2899 732 6213
1703 1724 29461
1724 1703 29461
505 6418 22932
6418 505 22932
10200 1264 23293
1264 10200 23293
789 3031 21721
3031 789 21721
6999 3840 16161
3840 6999 16161
3247 8861 3024
8861 3247 3024
6290 4596 5623
4596 6290 5623
5906 5361 1918
5361 5906 1918
4589 5035 31069
5035 4589 31069
6680 8213 24255
8213 6680 24255
1075 5470 1972
5470 1075 1972
9575 2165 1201
2165 9575 1201
8268 1906 19847
1906 8268 19847
8420 2134 15527
2134 8420 15527
732 8422 30038
8422 732 30038
1366 9215 21661
9215 1366 21661
3511 10030 25423
10030 3511 25423
4307 214 18551
214 4307 18551
4124 256 16678
256 4124 16678
7317 1791 32611
1791 7317 32611
4815 9314 25165
9314 4815 25165
