10527 8446 4164
4164 9529 6778
9529 4164 6778
4164 10055 14005
10055 4164 14005
9529 2717 15204
2717 9529 15204
9529 6963 28043
6963 9529 28043
6963 6004 11517
6004 6963 11517
4164 1974 7099
1974 4164 7099
10055 656 22181
656 10055 22181
2717 4844 13856
4844 2717 13856
10055 6642 31929
6642 10055 31929
4844 9123 380
9123 4844 380
6642 4656 17536
4656 6642 17536
6963 9924 4623
9924 6963 4623
6642 3706 24826
3706 6642 24826
9924 8685 27953
8685 9924 27953
9123 5570 18157
5570 9123 18157
4656 7495 30094
7495 4656 30094
7495 344 15520
344 7495 15520
6642 1952 22025
1952 6642 22025
4844 4232 27196
4232 4844 27196
344 1462 10371
1462 344 10371
4164 485 5593
485 4164 5593
6642 550 27886
550 6642 27886
10055 7314 658
7314 10055 658
1974 4020 23155
4020 1974 23155
2717 9383 3134
9383 2717 3134
9924 1758 30617
1758 9924 30617
7495 9416 8609
9416 7495 8609
3706 6674 1964
6674 3706 1964
4844 5571 15661
5571 4844 15661
6642 2240 2776
2240 6642 2776
6642 5073 171
5073 6642 171
1974 4772 7088
4772 1974 7088
8685 8707 12904
8707 8685 12904
5570 3738 12317
3738 5570 12317
6674 2593 6841
2593 6674 6841
4232 2460 31973
2460 4232 31973
1974 2088 14062
2088 1974 14062
3738 5785 16970
5785 3738 16970
9529 3784 29462
3784 9529 29462
2088 1314 28026
1314 2088 28026
9529 3950 11801
3950 9529 11801
4020 7363 3516
7363 4020 3516
10055 7936 17426
7936 10055 17426
9924 6019 28060
6019 9924 28060
3784 4356 18680
4356 3784 18680
4772 1563 32661
1563 4772 32661
8707 683 4596
683 8707 4596
2460 9103 2777
9103 2460 2777
6963 4268 13806
4268 6963 13806
9416 9798 28749
9798 9416 28749
5571 8535 24127
8535 5571 24127
5785 9616 18644
9616 5785 18644
1758 82 9867
82 1758 9867
9616 710 21883
710 9616 21883
8685 5008 30505
5008 8685 30505
2240 632 3882
632 2240 3882
5785 459 18346
459 5785 18346
3706 7928 26335
7928 3706 26335
1974 5667 8024
5667 1974 8024
7936 7135 18595
7135 7936 18595
5073 2958 1995
2958 5073 1995
4268 1806 692
1806 4268 692
8707 1009 2527
1009 8707 2527
9616 5540 8092
5540 9616 8092
8685 5592 18354
5592 8685 18354
7135 3530 23860
3530 7135 23860
7928 2525 26232
2525 7928 26232
6963 9537 948
9537 6963 948
4232 669 20800
669 4232 20800
6642 8572 18283
8572 6642 18283
2593 4013 31234
4013 2593 31234
6642 491 25781
491 6642 25781
7936 7367 12432
7367 7936 12432
8535 6528 6463
6528 8535 6463
5667 8515 32573
8515 5667 32573
3950 10517 20164
10517 3950 20164
6528 2781 19285
2781 6528 19285
9416 4748 2751
4748 9416 2751
344 8196 19395
8196 344 19395
550 1021 21452
1021 550 21452
2717 9968 21106
9968 2717 21106
1806 6090 2219
6090 1806 2219
3950 1980 30025
1980 3950 30025
3530 6743 28199
6743 3530 28199
2958 4060 27098
4060 2958 27098
5008 1039 20549
1039 5008 20549
4772 6363 29463
6363 4772 29463
6004 5273 18574
5273 6004 18574
6363 1577 8874
1577 6363 8874
1009 4472 24150
4472 1009 24150
5073 4654 30661
4654 5073 30661
9529 910 5954
910 9529 5954
6363 4228 9092
4228 6363 9092
4060 8842 32130
8842 4060 32130
3950 2107 32567
2107 3950 32567
656 6263 28283
6263 656 28283
3784 7989 6957
7989 3784 6957
6674 2089 32720
2089 6674 32720
5592 8099 19674
8099 5592 19674
669 6748 16912
6748 669 16912
9529 8681 22890
8681 9529 22890
4228 6421 28532
6421 4228 28532
8515 6198 22048
6198 8515 22048
4020 9341 31336
9341 4020 31336
7989 2776 10775
2776 7989 10775
7363 10185 17119
10185 7363 17119
1952 6096 21816
6096 1952 21816
656 8820 19104
8820 656 19104
3950 7357 20104
7357 3950 20104
9416 8602 24584
8602 9416 24584
9616 8892 18
8892 9616 18
1314 11 13308
11 1314 13308
1806 7639 12579
7639 1806 12579
3738 4519 31484
4519 3738 31484
2958 1768 8082
1768 2958 8082
9798 6111 25235
6111 9798 25235
6090 1146 12094
1146 6090 12094
11 223 7075
223 11 7075
2460 7939 787
7939 2460 787
1758 1170 20277
1170 1758 20277
8842 3804 5429
3804 8842 5429
2717 1080 22228
1080 2717 22228
7357 2494 3102
2494 7357 3102
4748 2261 21152
2261 4748 21152
10185 4220 10447
4220 10185 10447
8602 9266 1692
9266 8602 1692
5008 1989 20075
1989 5008 20075
6363 1077 5603
1077 6363 5603
1021 8981 24019
8981 1021 24019
459 5063 3530
5063 459 3530
8602 246 24
246 8602 24
6090 2342 3090
2342 6090 3090
2089 8355 4325
8355 2089 4325
9537 6397 29374
6397 9537 29374
4519 3357 13864
3357 4519 13864
3530 6033 24875
6033 3530 24875
4220 8666 25765
8666 4220 25765
2261 192 23922
192 2261 23922
4228 7300 10558
7300 4228 10558
4020 4312 2630
4312 4020 2630
4654 9913 7433
9913 4654 7433
1952 2751 17608
2751 1952 17608
7495 9234 32409
9234 7495 32409
2593 2194 25347
2194 2593 25347
710 1404 5370
1404 710 5370
344 8625 22294
8625 344 22294
3530 440 20818
440 3530 20818
8666 9762 1072
9762 8666 1072
5592 9186 10798
9186 5592 10798
3950 1988 27118
1988 3950 27118
9762 8552 30677
8552 9762 30677
8572 3542 16314
3542 8572 16314
7135 8568 15172
8568 7135 15172
2781 9002 32050
9002 2781 32050
6090 2225 16797
2225 6090 16797
9616 2510 28117
2510 9616 28117
1314 3467 5157
3467 1314 5157
8552 5750 7512
5750 8552 7512
4356 3494 10547
3494 4356 10547
9416 987 30574
987 9416 30574
4232 1485 25753
1485 4232 25753
4220 6915 12538
6915 4220 12538
9103 611 13928
611 9103 13928
8625 1496 18897
1496 8625 18897
4020 521 7464
521 4020 7464
9537 4298 32160
4298 9537 32160
4654 8253 3281
8253 4654 3281
2240 3102 8086
3102 2240 8086
9234 65 20019
65 9234 20019
9913 884 28625
884 9913 28625
1768 9206 25220
9206 1768 25220
4228 7835 19152
7835 4228 19152
1496 1006 25938
1006 1496 25938
9616 6476 29271
6476 9616 29271
5570 284 23312
284 5570 23312
2751 5288 27768
5288 2751 27768
6476 6934 25839
6934 6476 25839
284 9573 24785
9573 284 24785
440 2051 705
2051 440 705
7835 3767 17687
3767 7835 17687
6033 9615 29218
9615 6033 29218
8666 4735 24959
4735 8666 24959
3542 2141 26133
2141 3542 26133
9103 1186 2738
1186 9103 2738
9924 10169 21711
10169 9924 21711
7939 4872 12872
4872 7939 12872
1039 7869 377
7869 1039 377
4656 9773 28666
9773 4656 28666
8707 1231 17918
1231 8707 17918
6915 6165 13583
6165 6915 13583
440 6964 1351
6964 440 1351
10517 2137 18612
2137 10517 18612
3950 1686 10361
1686 3950 10361
2089 4852 18231
4852 2089 18231
2141 7367 10756
7367 2141 10756
4298 6315 30565
6315 4298 30565
4654 1039 1964
1039 4654 1964
4472 6904 12404
6904 4472 12404
5073 7718 4309
7718 5073 4309
3767 6528 4162
6528 3767 4162
7989 8038 30904
8038 7989 30904
1186 4358 13524
4358 1186 13524
8681 1723 27715
1723 8681 27715
485 4914 23894
4914 485 23894
4872 6094 14808
6094 4872 14808
192 963 5644
963 192 5644
8253 3376 27952
3376 8253 27952
6090 9796 12276
9796 6090 12276
82 8157 11257
8157 82 11257
9123 85 4103
85 9123 4103
9341 4670 12312
4670 9341 12312
7314 6266 11103
6266 7314 11103
2958 89 659
89 2958 659
9103 2564 7340
2564 9103 7340
8892 3577 9867
3577 8892 9867
9529 4364 29879
4364 9529 29879
4654 370 17869
370 4654 17869
884 3213 2798
3213 884 2798
550 6939 14569
6939 550 14569
6642 9230 29734
9230 6642 29734
6743 1278 721
1278 6743 721
1496 2370 13593
2370 1496 13593
6363 3276 7264
3276 6363 7264
8707 8203 4939
8203 8707 4939
3102 5739 18027
5739 3102 18027
9616 15 25179
15 9616 25179
8552 9146 6435
9146 8552 6435
1039 2930 9447
2930 1039 9447
6904 9226 15848
9226 6904 15848
11 8538 8080
8538 11 8080
3467 1367 15595
1367 3467 15595
6904 9800 25030
9800 6904 25030
2930 1508 6701
1508 2930 6701
1768 1894 6994
1894 1768 6994
8820 365 13747
365 8820 13747
6904 245 9967
245 6904 9967
4748 6069 4373
6069 4748 4373
4772 2831 20801
2831 4772 20801
2342 8137 20655
8137 2342 20655
8552 9666 24846
9666 8552 24846
3738 552 6416
552 3738 6416
7314 2622 4238
2622 7314 4238
8538 391 22925
391 8538 22925
1404 6525 20768
6525 1404 20768
611 7384 15097
7384 611 15097
4472 554 10701
554 4472 10701
7936 6555 21999
6555 7936 21999
5592 5068 5728
5068 5592 5728
2051 9474 5687
9474 2051 5687
9616 240 20476
240 9616 20476
5540 10176 22823
10176 5540 22823
6363 5226 10610
5226 6363 10610
284 1357 29462
1357 284 29462
6094 763 30926
763 6094 30926
3494 675 27700
675 3494 27700
1980 2217 13517
2217 1980 13517
9762 8447 32614
8447 9762 32614
1006 10380 18492
10380 1006 18492
8681 9652 17917
9652 8681 17917
2510 9544 30318
9544 2510 30318
4519 2070 4437
2070 4519 4437
2107 3978 21326
3978 2107 21326
5063 7366 20428
7366 5063 20428
3804 2228 5818
2228 3804 5818
3738 1874 3209
1874 3738 3209
710 5168 17957
5168 710 17957
5540 2946 12812
2946 5540 12812
9924 4794 8371
4794 9924 8371
5540 9755 17793
9755 5540 17793
1974 3507 14668
3507 1974 14668
683 511 25926
511 683 25926
6315 9783 1886
9783 6315 1886
9002 4050 32557
4050 9002 32557
8355 280 16959
280 8355 16959
85 4529 857
4529 85 857
1080 6013 25715
6013 1080 25715
8572 8961 24267
8961 8572 24267
10055 5419 2876
5419 10055 2876
5419 10420 21753
10420 5419 21753
6363 7417 23622
7417 6363 23622
3978 9051 29188
9051 3978 29188
6090 7816 32329
7816 6090 32329
440 1284 22378
1284 440 22378
6315 6003 21236
6003 6315 21236
6743 7285 9030
7285 6743 9030
4228 3442 20357
3442 4228 20357
9206 7284 13948
7284 9206 13948
3804 1579 24274
1579 3804 24274
7936 8011 14435
8011 7936 14435
6266 5219 29363
5219 6266 29363
1577 5420 30409
5420 1577 30409
5219 7332 9234
7332 5219 9234
987 5548 14186
5548 987 14186
2564 163 18436
163 2564 18436
7367 8617 19502
8617 7367 19502
9800 5113 1462
5113 9800 1462
2460 10501 19909
10501 2460 19909
4529 7548 3107
7548 4529 3107
7284 1302 22663
1302 7284 22663
7495 8959 22458
8959 7495 22458
370 8246 5524
8246 370 5524
2261 645 22406
645 2261 22406
9529 7238 20142
7238 9529 20142
6090 7293 32380
7293 6090 32380
763 4464 21832
4464 763 21832
6263 1144 14578
1144 6263 14578
1496 4179 13748
4179 1496 13748
3376 10092 10095
10092 3376 10095
4772 879 5506
879 4772 5506
246 896 14159
896 246 14159
4529 3871 18529
3871 4529 18529
4529 7787 1791
7787 4529 1791
65 6837 10541
6837 65 10541
3467 814 18094
814 3467 18094
3738 1283 11498
1283 3738 11498
8246 424 18374
424 8246 18374
6004 176 985
176 6004 985
2240 3617 31896
3617 2240 31896
6915 5299 241
5299 6915 241
8959 4233 5872
4233 8959 5872
8685 2472 31322
2472 8685 31322
89 3407 3992
3407 89 3992
4060 6873 30145
6873 4060 30145
2137 8352 31212
8352 2137 31212
3738 5665 18848
5665 3738 18848
9226 10262 28170
10262 9226 28170
9529 8953 30922
8953 9529 30922
9051 433 22867
433 9051 22867
9796 8728 32729
8728 9796 32729
240 6336 30757
6336 240 30757
176 10493 9306
10493 176 9306
85 7032 27933
7032 85 27933
5750 1887 9157
1887 5750 9157
2460 2874 10567
2874 2460 10567
675 1111 29853
1111 675 29853
1186 2123 30209
2123 1186 30209
1357 346 13912
346 1357 13912
1039 9077 15487
9077 1039 15487
9573 3884 31959
3884 9573 31959
9616 3561 28716
3561 9616 28716
4914 7129 27285
7129 4914 27285
5419 379 6240
379 5419 6240
1894 5875 6367
5875 1894 6367
4298 6526 11045
6526 4298 11045
9474 2253 12201
2253 9474 12201
2070 1337 3587
1337 2070 3587
9968 9935 22239
9935 9968 22239
8157 2300 29440
2300 8157 29440
9796 8950 26950
8950 9796 26950
1077 5473 14173
5473 1077 14173
8137 9559 5449
9559 8137 5449
2460 1565 14017
1565 2460 14017
1077 2606 29250
2606 1077 29250
3102 5511 195
5511 3102 195
3784 9111 4380
9111 3784 4380
8538 9876 22546
9876 8538 22546
5288 8205 17775
8205 5288 17775
8820 8161 10682
8161 8820 10682
1723 368 24664
368 1723 24664
1496 3345 4137
3345 1496 4137
8246 10496 26812
10496 8246 26812
6069 6326 18691
6326 6069 18691
3376 6831 5310
6831 3376 5310
9968 3136 5619
3136 9968 5619
9798 7248 30348
7248 9798 30348
963 7563 8166
7563 963 8166
5570 8623 717
8623 5570 717
3276 6328 29060
6328 3276 29060
2593 4170 24918
4170 2593 24918
9773 1482 18622
1482 9773 18622
1806 6797 26872
6797 1806 26872
4794 7880 10434
7880 4794 10434
7495 3575 19837
3575 7495 19837
2564 220 3269
220 2564 3269
7718 2507 29484
2507 7718 29484
4164 2019 12624
2019 4164 12624
3507 5081 7537
5081 3507 7537
10420 5024 27936
5024 10420 27936
1039 2343 22145
2343 1039 22145
4298 3689 21432
3689 4298 21432
7284 5055 3078
5055 7284 3078
6797 745 11053
745 6797 11053
4228 2012 318
2012 4228 318
3542 5241 27612
5241 3542 27612
669 9687 28947
9687 669 28947
2776 5505 23563
5505 2776 23563
8617 7034 6930
7034 8617 6930
511 4916 12959
4916 511 12959
1077 3593 3150
3593 1077 3150
2510 9114 21354
9114 2510 21354
6934 5125 20880
5125 6934 20880
1482 210 31950
210 1482 31950
1686 377 29287
377 1686 29287
7989 4533 29077
4533 7989 29077
963 3944 11500
3944 963 11500
3738 6474 6996
6474 3738 6996
2051 2108 30818
2108 2051 30818
3689 815 8381
815 3689 8381
4533 8098 26868
8098 4533 26868
963 3165 18589
3165 963 18589
2240 6009 14649
6009 2240 14649
3804 4177 3462
4177 3804 3462
5288 1936 3665
1936 5288 3665
3689 516 20298
516 3689 20298
9783 4543 4530
4543 9783 4530
8681 2998 26327
2998 8681 26327
6397 8924 18430
8924 6397 18430
9666 183 22039
183 9666 22039
511 2702 11900
2702 511 11900
1146 924 12509
924 1146 12509
8666 8416 12552
8416 8666 12552
2019 2920 32008
2920 2019 32008
4013 7745 2192
7745 4013 2192
1278 2672 30560
2672 1278 30560
2507 4217 5767
4217 2507 5767
9687 507 14298
507 9687 14298
3944 2584 27590
2584 3944 27590
6328 4855 27466
4855 6328 27466
1367 2461 27099
2461 1367 27099
6743 8030 4520
8030 6743 4520
183 849 25526
849 183 25526
8030 6589 14196
6589 8030 14196
246 10223 24363
10223 246 24363
7363 2414 17884
2414 7363 17884
910 6075 10961
6075 910 10961
9666 5464 6323
5464 9666 6323
4855 7101 29723
7101 4855 29723
210 4497 23128
4497 210 23128
3102 7456 30655
7456 3102 30655
9913 3136 1314
3136 9913 1314
7300 9319 23244
9319 7300 23244
645 9073 9957
9073 645 9957
6075 6300 17658
6300 6075 17658
1563 1245 28337
1245 1563 28337
4852 3921 1304
3921 4852 1304
3345 7312 30171
7312 3345 30171
9968 846 28331
846 9968 28331
6797 1217 27885
1217 6797 27885
6069 6205 19470
6205 6069 19470
7238 6161 10770
6161 7238 10770
7285 6949 17091
6949 7285 17091
3561 6632 23057
6632 3561 23057
8253 7599 28588
7599 8253 28588
7135 6960 5639
6960 7135 5639
2946 1044 24413
1044 2946 24413
9051 3890 12109
3890 9051 12109
8728 4840 27355
4840 8728 27355
2564 5784 28754
5784 2564 28754
4050 4488 31571
4488 4050 31571
459 8962 11350
8962 459 11350
6939 569 22447
569 6939 22447
6266 6085 4423
6085 6266 4423
1186 9939 29982
9939 1186 29982
6743 2651 5678
2651 6743 5678
4356 1348 24543
1348 4356 24543
10262 702 26090
702 10262 26090
7300 122 17395
122 7300 17395
4656 3472 6452
3472 4656 6452
5288 3878 30082
3878 5288 30082
4312 2637 17432
2637 4312 17432
3102 3122 10010
3122 3102 10010
1283 344 6766
344 1283 6766
2593 889 20492
889 2593 20492
5125 1164 3059
1164 5125 3059
4519 8875 12176
8875 4519 12176
9559 7689 1045
7689 9559 1045
9266 6114 27015
6114 9266 27015
8552 10117 17038
10117 8552 17038
11 7671 32736
7671 11 32736
7639 729 22881
729 7639 22881
1565 6887 30741
6887 1565 30741
9615 6826 4569
6826 9615 4569
5068 282 24126
282 5068 24126
8161 9720 7573
9720 8161 7573
1039 7313 8101
7313 1039 8101
924 7993 22990
7993 924 22990
7745 8626 29925
8626 7745 29925
6094 5636 23118
5636 6094 23118
849 9915 22516
9915 849 22516
7293 9514 16092
9514 7293 16092
8625 10404 23729
10404 8625 23729
9783 6104 20744
6104 9783 20744
4533 6334 17095
6334 4533 17095
8030 6307 24979
6307 8030 24979
8981 1010 19967
1010 8981 19967
1686 1007 9201
1007 1686 9201
368 8546 28262
8546 368 28262
1723 8470 11153
8470 1723 11153
1170 1743 5060
1743 1170 5060
1404 3965 497
3965 1404 497
2089 7452 16475
7452 2089 16475
4488 3257 23980
3257 4488 23980
6326 9769 7404
9769 6326 7404
4656 9098 8697
9098 4656 8697
1743 9836 1131
9836 1743 1131
5784 2633 19295
2633 5784 19295
8626 6880 18420
6880 8626 18420
6165 8492 6538
8492 6165 6538
1314 7612 23509
7612 1314 23509
4356 9952 28538
9952 4356 28538
344 6165 17610
6165 344 17610
10223 1905 23177
1905 10223 23177
2300 1141 2249
1141 2300 2249
7989 1176 17925
1176 7989 17925
4844 4736 10468
4736 4844 10468
6528 4068 25666
4068 6528 25666
6421 4248 21035
4248 6421 21035
4488 5657 6004
5657 4488 6004
6904 4850 4511
4850 6904 4511
344 8411 29625
8411 344 29625
8962 5487 31625
5487 8962 31625
5785 2920 8464
2920 5785 8464
2472 1088 28889
1088 2472 28889
6009 207 16184
207 6009 16184
3767 1259 3417
1259 3767 3417
9935 1134 18085
1134 9935 18085
2525 8317 24529
8317 2525 24529
8981 5811 2324
5811 8981 2324
3102 1980 26998
1980 3102 26998
2343 10318 14696
10318 2343 14696
2414 10133 5181
10133 2414 5181
6003 1010 5570
1010 6003 5570
7816 1589 26589
1589 7816 26589
6033 3270 16426
3270 6033 16426
9616 1120 21420
1120 9616 21420
8892 4401 20762
4401 8892 20762
4855 1088 30627
1088 4855 30627
7639 4317 3266
4317 7639 3266
2633 5009 286
5009 2633 286
5473 6656 12010
6656 5473 12010
1164 2716 58
2716 1164 58
8959 3575 19127
3575 8959 19127
3593 4223 8417
4223 3593 8417
192 9125 4798
9125 192 4798
6205 7033 32484
7033 6205 32484
365 2708 21293
2708 365 21293
9968 3633 28334
3633 9968 28334
5571 390 19181
390 5571 19181
6887 3203 7287
3203 6887 7287
7928 9418 12817
9418 7928 12817
459 3724 25091
3724 459 25091
6096 5014 27367
5014 6096 27367
9186 6682 14162
6682 9186 14162
4170 10407 26759
10407 4170 26759
8030 5173 15554
5173 8030 15554
8666 2691 4285
2691 8666 4285
632 1786 7582
1786 632 7582
896 3363 6291
3363 896 6291
9913 2868 11
2868 9913 11
3136 7581 25073
7581 3136 25073
6104 6700 29641
6700 6104 29641
9266 6531 1543
6531 9266 1543
6363 896 25430
896 6363 25430
9924 7880 19327
7880 9924 19327
6198 8559 832
8559 6198 832
521 81 6316
81 521 6316
8961 9227 10707
9227 8961 10707
7689 3812 20779
3812 7689 20779
8137 7202 28011
7202 8137 28011
1936 1025 19379
1025 1936 19379
849 10167 29189
10167 849 29189
3575 7930 30732
7930 3575 30732
5473 6581 32493
6581 5473 32493
4060 4542 13917
4542 4060 13917
6266 6094 23452
6094 6266 23452
2494 2602 6232
2602 2494 6232
7639 1586 7965
1586 7639 7965
5226 5462 6633
5462 5226 6633
192 2373 8083
2373 192 8083
3270 2807 8817
2807 3270 8817
7745 8773 6079
8773 7745 6079
6748 2244 8382
2244 6748 8382
963 3896 30346
3896 963 30346
3575 6185 9008
6185 3575 9008
8515 5076 12551
5076 8515 12551
2228 7715 15064
7715 2228 15064
3706 7837 26981
7837 3706 26981
1186 5482 4977
5482 1186 4977
2494 3100 24015
3100 2494 24015
2137 8627 17271
8627 2137 17271
3102 10440 26661
10440 3102 26661
7312 8997 16094
8997 7312 16094
1141 1962 29718
1962 1141 29718
3257 5961 23558
5961 3257 23558
9227 8043 17158
8043 9227 17158
4850 9014 19967
9014 4850 19967
5462 7130 11707
7130 5462 11707
4670 7888 10313
7888 4670 10313
2946 9861 25049
9861 2946 25049
6090 1913 16258
1913 6090 16258
10176 1012 28027
1012 10176 28027
645 878 22474
878 645 22474
4050 6858 21922
6858 4050 21922
3472 3316 23751
3316 3472 23751
4914 8513 1064
8513 4914 1064
8962 4656 10373
4656 8962 10373
8416 10008 8308
10008 8416 8308
4268 6298 30127
6298 4268 30127
5241 244 29227
244 5241 29227
245 3891 20177
3891 245 20177
9103 7383 20364
7383 9103 20364
6915 8843 28581
8843 6915 28581
6476 9047 24892
9047 6476 24892
245 8513 28305
8513 245 28305
2633 368 17324
368 2633 17324
1508 874 29676
874 1508 29676
8515 2646 21088
2646 8515 21088
6963 3766 4508
3766 6963 4508
2751 3434 17338
3434 2751 17338
6887 6811 18730
6811 6887 18730
1768 8495 15394
8495 1768 15394
896 2524 18281
2524 896 18281
2622 4087 13720
4087 2622 13720
10420 289 9268
289 10420 9268
8470 9005 5397
9005 8470 5397
3689 374 23038
374 3689 23038
8842 10414 6469
10414 8842 6469
459 5685 31772
5685 459 31772
6198 4049 1672
4049 6198 1672
7130 5052 17433
5052 7130 17433
1217 5541 8757
5541 1217 8757
4794 6637 11640
6637 4794 11640
3345 1926 17291
1926 3345 17291
924 1880 21664
1880 924 21664
3896 4035 2796
4035 3896 2796
2633 8804 30964
8804 2633 30964
1952 1176 16418
1176 1952 16418
3944 3174 11078
3174 3944 11078
6266 1206 32481
1206 6266 32481
7284 141 10522
141 7284 10522
4220 6615 17608
6615 4220 17608
10185 9321 31358
9321 10185 31358
814 1496 13968
1496 814 13968
2781 93 27488
93 2781 27488
81 8373 6695
8373 81 6695
5511 3859 15012
3859 5511 15012
7689 1989 8672
1989 7689 8672
10501 1910 10354
1910 10501 10354
8953 9400 18709
9400 8953 18709
4220 7889 14953
7889 4220 14953
7889 3805 15544
3805 7889 15544
9227 690 26561
690 9227 26561
3102 8 10961
8 3102 10961
6328 8500 14463
8500 6328 14463
6336 1107 27100
1107 6336 27100
3577 7279 2635
7279 3577 2635
1039 3276 17789
3276 1039 17789
5811 7752 29318
7752 5811 29318
2525 10111 28684
10111 2525 28684
6069 4287 26796
4287 6069 26796
245 80 12510
80 245 12510
7752 814 21813
814 7752 21813
6069 5667 30047
5667 6069 30047
2370 566 8293
566 2370 8293
6300 9363 32595
9363 6300 32595
2108 7196 14796
7196 2108 14796
163 10489 5340
10489 163 5340
1278 4581 7275
4581 1278 7275
379 462 26387
462 379 26387
4914 5623 23736
5623 4914 23736
10262 3395 27226
3395 10262 27226
10008 7802 9459
7802 10008 9459
2930 753 10155
753 2930 10155
3357 717 31111
717 3357 31111
3345 6086 12440
6086 3345 12440
1134 7748 635
7748 1134 635
6528 369 26550
369 6528 26550
6009 8890 14351
8890 6009 14351
1686 8183 19871
8183 1686 19871
6826 7295 28
7295 6826 28
2781 1266 1758
1266 2781 1758
7548 2994 22234
2994 7548 22234
4049 5350 26968
5350 4049 26968
210 3745 22798
3745 210 22798
2646 8702 8210
8702 2646 8210
1231 4821 16083
4821 1231 16083
3745 8186 27240
8186 3745 27240
8098 7010 23931
7010 8098 23931
365 3395 14344
3395 365 14344
3884 818 27702
818 3884 27702
2217 10263 30035
10263 2217 30035
7300 4619 23176
4619 7300 23176
1496 6312 21494
6312 1496 21494
9652 156 22708
156 9652 22708
6915 4279 18896
4279 6915 18896
344 10025 4513
10025 344 4513
9876 375 29835
375 9876 29835
2089 8687 21222
8687 2089 21222
10318 4454 6761
4454 10318 6761
2868 5162 19204
5162 2868 19204
7135 9314 12596
9314 7135 12596
6528 3931 28404
3931 6528 28404
5168 303 14935
303 5168 14935
4794 7737 20368
7737 4794 20368
1025 7072 28556
7072 1025 28556
2089 756 31877
756 2089 31877
1176 8409 15772
8409 1176 15772
8011 1401 21966
1401 8011 21966
6873 6628 29475
6628 6873 29475
3633 2437 11753
2437 3633 11753
4654 9980 26465
9980 4654 26465
1989 8516 11840
8516 1989 11840
303 7869 16755
7869 303 16755
1134 3982 23684
3982 1134 23684
8355 7870 657
7870 8355 657
3174 9700 15080
9700 3174 15080
4852 3468 5663
3468 4852 5663
5482 7602 5757
7602 5482 5757
2584 2559 181
2559 2584 181
8707 401 32284
401 8707 32284
8572 3238 25453
3238 8572 25453
7599 1935 24999
1935 7599 24999
7612 4496 31506
4496 7612 31506
4220 1071 19592
1071 4220 19592
7101 10358 6918
10358 7101 6918
6581 6177 24495
6177 6581 24495
4020 2299 29184
2299 4020 29184
4220 7968 28291
7968 4220 28291
280 966 15084
966 280 15084
3276 2186 16262
2186 3276 16262
3203 6109 26252
6109 3203 26252
2946 2163 15510
2163 2946 15510
7689 7047 23227
7047 7689 23227
7300 9192 10257
9192 7300 10257
9762 9532 10833
9532 9762 10833
3165 1090 842
1090 3165 842
3174 631 13603
631 3174 13603
8352 6876 2063
6876 8352 2063
1348 6085 403
6085 1348 403
7202 244 14897
244 7202 14897
7135 8809 27045
8809 7135 27045
1989 9492 30538
9492 1989 30538
669 5292 29597
5292 669 29597
8411 2103 23095
2103 8411 23095
4020 142 29324
142 4020 29324
3407 7485 5377
7485 3407 5377
2373 2850 25947
2850 2373 25947
3738 4499 24361
4499 3738 24361
1686 1033 2862
1033 1686 2862
566 678 3987
678 566 3987
9266 2301 23098
2301 9266 23098
289 536 16517
536 289 16517
4844 7090 612
7090 4844 612
8961 1112 16752
1112 8961 16752
1134 7324 30527
7324 1134 30527
1077 4871 28036
4871 1077 28036
7889 10161 13639
10161 7889 13639
1485 4815 3900
4815 1485 3900
8373 6340 9318
6340 8373 9318
6075 568 6245
568 6075 6245
2716 4246 11820
4246 2716 11820
156 7365 29509
7365 156 29509
374 7450 26685
7450 374 26685
210 8623 23803
8623 210 23803
1010 2135 9185
2135 1010 9185
7968 8376 25127
8376 7968 25127
6094 5144 22976
5144 6094 22976
7417 9324 3705
9324 7417 3705
9114 2033 21800
2033 9114 21800
7332 4025 29885
4025 7332 29885
3766 132 17526
132 3766 17526
379 5163 14459
5163 379 14459
8892 3639 31859
3639 8892 31859
8892 5115 842
5115 8892 842
729 9436 23243
9436 729 23243
4815 309 8024
309 4815 8024
9341 3901 22498
3901 9341 22498
7285 2392 7655
2392 7285 7655
5487 2664 4784
2664 5487 4784
516 1448 19367
1448 516 19367
9924 8585 377
8585 9924 377
9014 6922 3631
6922 9014 3631
7869 8937 2160
8937 7869 2160
683 6862 27919
6862 683 27919
2225 3832 5029
3832 2225 5029
4519 479 20009
479 4519 20009
1337 5082 981
5082 1337 981
1071 7749 8275
7749 1071 8275
5299 9392 22001
9392 5299 22001
9051 5924 8309
5924 9051 8309
9234 7659 31611
7659 9234 31611
1485 225 25757
225 1485 25757
1905 3203 28164
3203 1905 28164
4232 2198 13754
2198 4232 13754
8687 310 12915
310 8687 12915
1935 2972 19465
2972 1935 19465
8 5226 20702
5226 8 20702
5571 6437 2895
6437 5571 2895
10440 6789 19483
6789 10440 19483
8602 1715 13172
1715 8602 13172
9051 5957 28755
5957 9051 28755
8809 2179 28455
2179 8809 28455
10420 1932 29244
1932 10420 29244
9226 2295 3462
2295 9226 3462
5419 550 24775
550 5419 24775
6922 5779 21762
5779 6922 21762
6811 1319 26980
1319 6811 26980
3357 9903 3325
9903 3357 3325
2507 358 29483
358 2507 29483
4794 247 26833
247 4794 26833
7787 8996 12166
8996 7787 12166
1266 6070 14907
6070 1266 14907
6312 9836 32567
9836 6312 32567
8355 1652 2665
1652 8355 2665
814 479 207
479 814 207
5241 8747 16402
8747 5241 16402
370 5651 23016
5651 370 23016
1686 7328 7787
7328 1686 7787
2217 4993 24266
4993 2217 24266
9436 10118 31695
10118 9436 31695
9573 3370 13373
3370 9573 13373
3472 1014 24690
1014 3472 24690
10496 4390 30134
4390 10496 30134
9755 1110 7300
1110 9755 7300
5592 9380 24109
9380 5592 24109
8568 1401 8830
1401 8568 8830
225 7940 31783
7940 225 31783
7748 1522 23961
1522 7748 23961
459 9271 10731
9271 459 10731
4670 4066 9632
4066 4670 9632
7366 2292 26843
2292 7366 26843
462 8778 10389
8778 462 10389
7495 5769 27484
5769 7495 27484
122 3571 30694
3571 122 30694
9939 5211 6878
5211 9939 6878
6831 5139 10792
5139 6831 10792
10263 2988 20440
2988 10263 20440
683 3830 905
3830 683 905
8409 8833 20448
8833 8409 20448
4670 10084 9852
10084 4670 9852
8038 10333 2592
10333 8038 2592
6528 6035 15188
6035 6528 15188
5769 5877 1237
5877 5769 1237
1006 9142 6333
9142 1006 6333
7313 6978 3744
6978 7313 3744
11 1596 4183
1596 11 4183
4170 1557 7374
1557 4170 7374
4488 5350 27110
5350 4488 27110
2651 1183 23526
1183 2651 23526
2717 8307 7373
8307 2717 7373
814 2403 27158
2403 814 27158
2088 4607 19150
4607 2088 19150
9123 4859 2913
4859 9123 2913
7328 1947 12361
1947 7328 12361
8203 1552 30096
1552 8203 30096
521 5998 32114
5998 521 32114
874 240 9821
240 874 9821
5068 8386 10536
8386 5068 10536
6312 3167 8272
3167 6312 8272
910 1095 6531
1095 910 6531
4656 56 31550
56 4656 31550
5211 1260 18226
1260 5211 18226
4223 447 31607
447 4223 31607
2460 10030 6194
10030 2460 6194
5014 4053 28412
4053 5014 28412
1989 1505 25489
1505 1989 25489
5241 10498 29267
10498 5241 29267
8685 6512 13114
6512 8685 13114
1111 8420 1758
8420 1111 1758
2920 7222 14839
7222 2920 14839
6326 3593 8886
3593 6326 8886
1007 7335 25390
7335 1007 25390
7456 10042 9850
10042 7456 9850
2776 2914 12042
2914 2776 12042
9230 6379 32662
6379 9230 32662
9383 6561 2309
6561 9383 2309
5750 968 15852
968 5750 15852
8513 9883 16403
9883 8513 16403
2716 1571 6630
1571 2716 6630
6263 5621 3811
5621 6263 3811
1245 6959 25685
6959 1245 25685
2141 4563 2023
4563 2141 2023
516 7773 11187
7773 516 11187
4053 684 3113
684 4053 3113
346 5368 6806
5368 346 6806
2186 8176 1300
8176 2186 1300
4317 514 16769
514 4317 16769
656 8772 14526
8772 656 14526
6094 5759 12878
5759 6094 12878
7752 9483 3408
9483 7752 3408
2988 3137 7655
3137 2988 7655
225 4817 15262
4817 225 15262
8183 676 5392
676 8183 5392
6811 4280 6686
4280 6811 6686
6069 2844 13160
2844 6069 13160
1319 1745 8356
1745 1319 8356
3165 4454 26601
4454 3165 26601
4025 2597 23233
2597 4025 23233
10223 1854 20628
1854 10223 20628
6009 10287 404
10287 6009 404
569 4772 18193
4772 569 18193
244 4530 14181
4530 244 14181
9720 3825 23135
3825 9720 23135
6437 1621 11883
1621 6437 11883
309 9531 5615
9531 309 5615
6397 254 12682
254 6397 12682
2089 8293 12481
8293 2089 12481
879 532 24810
532 879 24810
3136 4277 8019
4277 3136 8019
2301 5515 19892
5515 2301 19892
3921 7330 6542
7330 3921 6542
7639 278 18272
278 7639 18272
8196 7804 494
7804 8196 494
9114 6993 29265
6993 9114 29265
5541 10344 19862
10344 5541 19862
611 30 29367
30 611 29367
7752 954 9493
954 7752 9493
550 806 26603
806 550 26603
3561 5969 1024
5969 3561 1024
6104 205 29633
205 6104 29633
9321 778 12726
778 9321 12726
4268 4334 26254
4334 4268 26254
1496 1406 6115
1406 1496 6115
2437 1069 13252
1069 2437 13252
7367 2448 19354
2448 7367 19354
8559 5791 23674
5791 8559 23674
2868 9798 9254
9798 2868 9254
1887 7634 21571
7634 1887 21571
10167 3373 1756
3373 10167 1756
10489 4533 23052
4533 10489 23052
4821 6469 12696
6469 4821 12696
6437 8993 8718
8993 6437 8718
2776 6756 21929
6756 2776 21929
2664 8092 20202
8092 2664 20202
433 3059 21330
3059 433 21330
7835 325 26507
325 7835 26507
4020 1072 27193
1072 4020 27193
6161 7835 1133
7835 6161 1133
1319 5685 19789
5685 1319 19789
10111 4157 10822
4157 10111 10822
192 1152 18701
1152 192 18701
6615 4159 339
4159 6615 339
814 9096 8511
9096 814 8511
4454 7323 8118
7323 4454 8118
192 7100 1898
7100 192 1898
2137 74 17060
74 2137 17060
9226 9722 7610
9722 9226 7610
6880 2485 25938
2485 6880 25938
7930 2743 29205
2743 7930 29205
7928 7100 30180
7100 7928 30180
2472 9621 19334
9621 2472 19334
656 5476 18388
5476 656 18388
1505 937 6223
937 1505 6223
4358 3519 8315
3519 4358 8315
1496 7826 21821
7826 1496 21821
8685 2030 9675
2030 8685 9675
9800 3607 30483
3607 9800 30483
3203 5911 24673
5911 3203 24673
9652 5078 17704
5078 9652 17704
1176 1443 14694
1443 1176 14694
370 1833 16526
1833 370 16526
6086 8973 12812
8973 6086 12812
5063 8078 13657
8078 5063 13657
7835 2655 21887
2655 7835 21887
7202 861 31710
861 7202 31710
5473 9681 26526
9681 5473 26526
7939 2890 19976
2890 7939 19976
6922 8903 25062
8903 6922 25062
4220 1429 30991
1429 4220 30991
2998 7831 15690
7831 2998 15690
8707 7736 11826
7736 8707 11826
3100 8827 8943
8827 3100 8943
1579 1442 21842
1442 1579 21842
3174 2100 14087
2100 3174 14087
8953 4012 6768
4012 8953 6768
3213 3101 6206
3101 3213 6206
3561 9294 2943
9294 3561 2943
9492 1462 13175
1462 9492 13175
9096 6537 3604
6537 9096 3604
10318 9445 32464
9445 10318 32464
5113 4168 19661
4168 5113 19661
2874 3205 24601
3205 2874 24601
10501 10055 2698
10055 10501 2698
9796 4543 16973
4543 9796 16973
5592 10037 7632
10037 5592 7632
10176 1722 31406
1722 10176 31406
225 7475 16620
7475 225 16620
1110 5133 27020
5133 1110 27020
5462 5746 29618
5746 5462 29618
5299 2876 3048
2876 5299 3048
9114 9728 29158
9728 9114 29158
4087 4221 19047
4221 4087 19047
2225 4140 19893
4140 2225 19893
1980 6273 1881
6273 1980 1881
9652 3154 8140
3154 9652 8140
6934 9316 4288
9316 6934 4288
8516 9704 1768
9704 8516 1768
6069 7334 31897
7334 6069 31897
4068 7047 28409
7047 4068 28409
8293 5245 25811
5245 8293 25811
1496 1442 23593
1442 1496 23593
10169 3877 17849
3877 10169 17849
3706 1220 20586
1220 3706 20586
3434 8677 15550
8677 3434 15550
729 7827 25178
7827 729 25178
9913 10047 24296
10047 9913 24296
8892 9003 21146
9003 8892 21146
3257 8887 9549
8887 3257 9549
1429 2243 26855
2243 1429 26855
2622 9353 21347
9353 2622 21347
9114 4817 13471
4817 9114 13471
9014 6373 3594
6373 9014 3594
6185 3209 1143
3209 6185 1143
10169 7868 27553
7868 10169 27553
8961 1026 6021
1026 8961 6021
3575 56 25733
56 3575 25733
1141 7138 15856
7138 1141 15856
6340 2193 2239
2193 6340 2239
3766 9879 27113
9879 3766 27113
7010 3591 2783
3591 7010 2783
2033 918 8625
918 2033 8625
4454 2373 22825
2373 4454 22825
4050 226 27097
226 4050 27097
6013 3517 30108
3517 6013 30108
2708 6322 11019
6322 2708 11019
4497 2475 21129
2475 4497 21129
2244 906 22763
906 2244 22763
6177 5287 31913
5287 6177 31913
5226 3067 18432
3067 5226 18432
9226 5362 7412
5362 9226 7412
10333 9833 16028
9833 10333 16028
5362 6236 11180
6236 5362 11180
3571 3536 28990
3536 3571 28990
7787 3583 23378
3583 7787 23378
5657 7891 21738
7891 5657 21738
1071 2963 7563
2963 1071 7563
4519 5291 4702
5291 4519 4702
7736 5241 32014
5241 7736 32014
3571 1019 31540
1019 3571 31540
10489 738 12094
738 10489 12094
10185 8824 15960
8824 10185 15960
6474 3680 1279
3680 6474 1279
6934 6053 19281
6053 6934 19281
6858 6094 5592
6094 6858 5592
2494 9356 27722
9356 2494 27722
2292 3992 29077
3992 2292 29077
7930 1847 11502
1847 7930 11502
6887 2081 9171
2081 6887 9171
3825 2762 14441
2762 3825 14441
4364 5187 12871
5187 4364 12871
10318 4538 812
4538 10318 812
879 1517 18844
1517 879 18844
6198 10336 25927
10336 6198 25927
223 4646 22075
4646 223 22075
9142 10189 20601
10189 9142 20601
3472 6004 7518
6004 3472 7518
205 721 6470
721 205 6470
3877 6406 24630
6406 3877 24630
4916 10380 27822
10380 4916 27822
9903 4765 30226
4765 9903 30226
8317 942 5212
942 8317 5212
358 8561 27590
8561 358 27590
6756 6500 10602
6500 6756 10602
6165 8155 26055
8155 6165 26055
6476 4083 23048
4083 6476 23048
6474 5629 4014
5629 6474 4014
4543 3672 173
3672 4543 173
9266 6588 7981
6588 9266 7981
1088 3233 2964
3233 1088 2964
65 3962 10642
3962 65 10642
1006 5999 10679
5999 1006 10679
1462 5422 4712
5422 1462 4712
7826 2561 28300
2561 7826 28300
818 9265 32483
9265 818 32483
3517 5794 12322
5794 3517 12322
8447 5497 19730
5497 8447 19730
4179 5067 23421
5067 4179 23421
4607 2992 24332
2992 4607 24332
6674 166 26942
166 6674 26942
2946 3642 27025
3642 2946 27025
1496 8489 4338
8489 1496 4338
4670 8996 13021
8996 4670 13021
684 3027 25516
3027 684 25516
2299 3550 6554
3550 2299 6554
5125 1 9900
1 5125 9900
6537 10427 9526
10427 6537 9526
7365 5242 11581
5242 7365 11581
10118 130 6149
130 10118 6149
3577 611 7456
611 3577 7456
9720 3875 20728
3875 9720 20728
7737 8881 2828
8881 7737 2828
289 8385 3539
8385 289 3539
2460 2071 17717
2071 2460 17717
1039 5754 8232
5754 1039 8232
5052 1552 32730
1552 5052 32730
8996 5361 13948
5361 8996 13948
7196 2887 31806
2887 7196 31806
7868 10293 18532
10293 7868 18532
3101 3023 15529
3023 3101 15529
2914 6808 20350
6808 2914 20350
884 5069 30773
5069 884 30773
1887 8887 4235
8887 1887 4235
710 6503 22427
6503 710 22427
729 1084 7970
1084 729 7970
8385 1334 8250
1334 8385 8250
5998 10420 19367
10420 5998 19367
6336 8766 25867
8766 6336 25867
7737 5405 7824
5405 7737 7824
1806 769 11594
769 1806 11594
9980 2683 13598
2683 9980 13598
4530 5631 20204
5631 4530 20204
2089 3990 4885
3990 2089 4885
4529 7602 3907
7602 4529 3907
753 5356 6681
5356 753 6681
7880 6231 1634
6231 7880 1634
3950 2988 8883
2988 3950 8883
6797 9558 21016
9558 6797 21016
1283 4475 31795
4475 1283 31795
7671 3559 27550
3559 7671 27550
9265 435 12265
435 9265 12265
8030 5052 32592
5052 8030 32592
2448 9281 6501
9281 2448 6501
8687 8690 2046
8690 8687 2046
4277 9005 2244
9005 4277 2244
10414 2771 14276
2771 10414 14276
2243 2561 1329
2561 2243 1329
5541 6376 30308
6376 5541 30308
9356 5562 13605
5562 9356 13605
8890 6596 408
6596 8890 408
5009 770 16141
770 5009 16141
7868 7343 5590
7343 7868 5590
377 7711 28756
7711 377 28756
5245 7049 1658
7049 5245 1658
1134 944 29201
944 1134 29201
2071 8275 25175
8275 2071 25175
6525 3677 6597
3677 6525 6597
6642 661 15897
661 6642 15897
778 3584 18916
3584 778 18916
4607 853 4100
853 4607 4100
721 1235 10537
1235 721 10537
1186 5505 16616
5505 1186 16616
3738 181 2275
181 3738 2275
346 6751 17521
6751 346 17521
4871 4015 29112
4015 4871 29112
5139 6686 16148
6686 5139 16148
954 9845 19347
9845 954 19347
7238 6722 2629
6722 7238 2629
7335 624 16573
624 7335 16573
532 2388 22467
2388 532 22467
176 1245 9545
1245 176 9545
3345 3207 23316
3207 3345 23316
6862 6795 9057
6795 6862 9057
550 2455 19598
2455 550 19598
7363 3475 535
3475 7363 535
8903 871 23420
871 8903 23420
8043 2226 24508
2226 8043 24508
365 346 19775
346 365 19775
6561 5090 31225
5090 6561 31225
7452 5282 9602
5282 7452 9602
5139 2826 27929
2826 5139 27929
4581 7647 22478
7647 4581 22478
9271 3963 319
3963 9271 319
7366 9714 15661
9714 7366 15661
303 6792 30600
6792 303 30600
8011 7593 26777
7593 8011 26777
220 5875 8765
5875 220 8765
5623 6450 2916
6450 5623 2916
8416 399 15017
399 8416 15017
9531 523 30435
523 9531 30435
7548 10221 11313
10221 7548 11313
10111 8694 31492
8694 10111 31492
8546 4049 16310
4049 8546 16310
3901 3655 31119
3655 3901 31119
678 8213 884
8213 678 884
6960 8257 5189
8257 6960 5189
7135 3868 19154
3868 7135 19154
6887 9830 28701
9830 6887 28701
1170 8054 32484
8054 1170 32484
6525 7433 12878
7433 6525 12878
9681 4743 913
4743 9681 913
4464 2613 11237
2613 4464 11237
2807 2779 32400
2779 2807 32400
4656 978 12054
978 4656 12054
3027 3068 9415
3068 3027 9415
3871 973 21905
973 3871 21905
2762 4051 10149
4051 2762 10149
8535 7909 8573
7909 8535 8573
5769 5233 16276
5233 5769 16276
1482 3613 27360
3613 1482 27360
8804 3476 29080
3476 8804 29080
2655 9331 2474
9331 2655 2474
5068 2202 23983
2202 5068 23983
550 10066 12440
10066 550 12440
10111 6265 28821
6265 10111 28821
6700 1869 1958
1869 6700 1958
2485 7854 3826
7854 2485 3826
225 329 21708
329 225 21708
4051 8990 2342
8990 4051 2342
6674 10010 30777
10010 6674 30777
5746 8103 11814
8103 5746 11814
879 5530 15695
5530 879 15695
6035 758 31014
758 6035 31014
1715 9694 5124
9694 1715 5124
2988 10163 26896
10163 2988 26896
7100 2825 15991
2825 7100 15991
6263 3662 25064
3662 6263 25064
4852 7670 27871
7670 4852 27871
247 2964 22459
2964 247 22459
2299 8096 13846
8096 2299 13846
485 8229 16291
8229 485 16291
5462 1795 25972
1795 5462 25972
6334 1762 12038
1762 6334 12038
3475 4945 18102
4945 3475 18102
889 5675 31265
5675 889 31265
3101 9889 32540
9889 3101 32540
7826 7522 23153
7522 7826 23153
10030 6260 12051
6260 10030 12051
3931 7958 31400
7958 3931 31400
8809 1862 6649
1862 8809 6649
5420 1626 2340
1626 5420 2340
523 9628 31197
9628 523 31197
10042 7023 29479
7023 10042 29479
3891 7257 852
7257 3891 852
8157 9186 31296
9186 8157 31296
944 3666 431
3666 944 431
9924 7377 17060
7377 9924 17060
1932 1177 28216
1177 1932 28216
6637 8104 5225
8104 6637 5225
7989 3297 1353
3297 7989 1353
710 1867 8932
1867 710 8932
6260 2047 12879
2047 6260 12879
1935 798 5267
798 1935 5267
4068 3704 18453
3704 4068 18453
6075 1042 2908
1042 6075 2908
2137 3336 27899
3336 2137 27899
5299 5738 24588
5738 5299 24588
7238 5825 31449
5825 7238 31449
5811 7198 30040
7198 5811 30040
4317 55 24760
55 4317 24760
3357 2355 17866
2355 3357 17866
9474 2951 26808
2951 9474 26808
2071 1533 28009
1533 2071 28009
7100 8878 11952
8878 7100 11952
8495 9021 15094
9021 8495 15094
1401 7457 9326
7457 1401 9326
479 4645 7699
4645 479 7699
3345 6539 18079
6539 3345 18079
1111 2543 24248
2543 1111 24248
459 1606 12747
1606 459 12747
2887 6780 16311
6780 2887 16311
7285 9635 10473
9635 7285 10473
5081 5928 20804
5928 5081 20804
85 3530 26480
3530 85 26480
5464 908 6589
908 5464 6589
9005 1641 22265
1641 9005 22265
1947 6298 10788
6298 1947 10788
5008 1565 1225
1565 5008 1225
4179 9791 262
9791 4179 262
3519 1420 3548
1420 3519 3548
368 8683 6599
8683 368 6599
3633 3940 14410
3940 3633 14410
3468 2218 32656
2218 3468 32656
4772 6493 10013
6493 4772 10013
9714 5578 586
5578 9714 586
6722 2810 4589
2810 6722 4589
4280 4562 4458
4562 4280 4458
485 9991 15330
9991 485 15330
8973 9045 4997
9045 8973 4997
5368 4741 7659
4741 5368 7659
377 1276 8922
1276 377 8922
5288 258 26183
258 5288 26183
8559 9323 13913
9323 8559 13913
3276 3890 9145
3890 3276 9145
4519 1780 15309
1780 4519 15309
6231 733 15610
733 6231 15610
2485 4496 21303
4496 2485 21303
5422 1052 17733
1052 5422 17733
3257 3043 1150
3043 3257 1150
5784 7180 25879
7180 5784 25879
8766 6111 16372
6111 8766 16372
6009 9912 31345
9912 6009 31345
1462 661 3946
661 1462 3946
6312 4148 22085
4148 6312 22085
368 5015 24779
5015 368 24779
4356 8961 9424
8961 4356 9424
676 8160 5234
8160 676 5234
4530 1946 11537
1946 4530 11537
9363 9274 18611
9274 9363 18611
1880 9637 14239
9637 1880 14239
4454 5879 2386
5879 4454 2386
6808 961 10121
961 6808 10121
1235 7700 25826
7700 1235 25826
7417 8336 12294
8336 7417 12294
2217 8379 17217
8379 2217 17217
5163 9676 10268
9676 5163 10268
1974 6693 32673
6693 1974 32673
963 1147 22927
1147 963 22927
7548 1816 3560
1816 7548 3560
5739 8950 23216
8950 5739 23216
1107 8331 9810
8331 1107 9810
10407 9101 6886
9101 10407 6886
5631 8574 25480
8574 5631 25480
7787 3018 22533
3018 7787 22533
9529 3578 16062
3578 9529 16062
