10289 12042 749
749 138 7478
138 749 7478
749 8027 16172
8027 749 16172
749 9511 5261
9511 749 5261
138 7472 17537
7472 138 17537
8027 725 23789
725 8027 23789
749 527 4528
527 749 4528
725 9770 6184
9770 725 6184
8027 633 29183
633 8027 29183
633 8500 8852
8500 633 8852
527 771 10687
771 527 10687
9770 1770 7817
1770 9770 7817
8027 5770 18394
5770 8027 18394
9770 9071 21213
9071 9770 21213
8500 3928 31043
3928 8500 31043
5770 2737 679
2737 5770 679
527 774 28191
774 527 28191
749 2134 12923
2134 749 12923
774 721 11966
721 774 11966
633 4153 3743
4153 633 3743
9071 7789 4796
7789 9071 4796
7472 2204 17128
2204 7472 17128
9770 8308 30437
8308 9770 30437
771 1482 24642
1482 771 24642
7472 881 24244
881 7472 24244
138 6560 13584
6560 138 13584
4153 2107 29818
2107 4153 29818
2204 5834 5345
5834 2204 5345
633 6590 26526
6590 633 26526
2737 3856 16698
3856 2737 16698
3928 4605 2666
4605 3928 2666
7472 6212 18520
6212 7472 18520
527 753 22883
753 527 22883
881 1949 4153
1949 881 4153
2737 6583 21543
6583 2737 21543
3856 1370 13144
1370 3856 13144
2204 8019 21559
8019 2204 21559
633 8431 8659
8431 633 8659
2134 4758 26694
4758 2134 26694
1770 7081 29945
7081 1770 29945
2737 2404 15064
2404 2737 15064
8308 4142 23665
4142 8308 23665
725 125 16731
125 725 16731
749 4603 21375
4603 749 21375
7789 8494 27910
8494 7789 27910
138 7333 12808
7333 138 12808
4603 8960 26900
8960 4603 26900
9770 1452 107
1452 9770 107
633 3206 10818
3206 633 10818
1452 2131 1607
2131 1452 1607
6560 6143 16788
6143 6560 16788
633 6752 11204
6752 633 11204
771 2386 6346
2386 771 6346
7333 318 16897
318 7333 16897
8500 1039 2321
1039 8500 2321
9770 6469 29351
6469 9770 29351
7333 6879 11475
6879 7333 11475
6752 9398 16348
9398 6752 16348
6469 2901 29616
2901 6469 29616
721 8799 29964
8799 721 29964
3928 2658 27656
2658 3928 27656
2107 9437 32315
9437 2107 32315
8500 8901 30624
8901 8500 30624
2901 4095 7899
4095 2901 7899
1452 6149 18755
6149 1452 18755
9437 1202 17000
1202 9437 17000
6212 4287 10101
4287 6212 10101
9398 4556 28718
4556 9398 28718
2901 3880 5258
3880 2901 5258
7472 275 6405
275 7472 6405
9071 4429 14022
4429 9071 14022
9398 4937 20711
4937 9398 20711
8500 7636 15180
7636 8500 15180
527 6100 24500
6100 527 24500
6143 9016 1289
9016 6143 1289
5834 1769 15221
1769 5834 15221
1949 2674 21724
2674 1949 21724
6752 492 17412
492 6752 17412
5770 2984 19117
2984 5770 19117
4937 1474 19171
1474 4937 19171
3856 1006 14125
1006 3856 14125
4095 1540 25502
1540 4095 25502
8901 458 17528
458 8901 17528
1770 2764 30753
2764 1770 30753
6100 3587 4047
3587 6100 4047
6752 2970 31153
2970 6752 31153
1474 3150 31011
3150 1474 31011
2764 3506 4757
3506 2764 4757
527 3458 15658
3458 527 15658
725 4406 17818
4406 725 17818
774 8046 30003
8046 774 30003
4937 1311 16356
1311 4937 16356
633 4672 25593
4672 633 25593
2204 1062 5847
1062 2204 5847
8027 5624 6425
5624 8027 6425
8431 1475 3837
1475 8431 3837
318 5083 32008
5083 318 32008
881 7573 10798
7573 881 10798
1475 4014 21901
4014 1475 21901
725 5002 27239
5002 725 27239
633 9651 22321
9651 633 22321
2204 1708 17432
1708 2204 17432
6143 2314 29223
2314 6143 29223
8960 1717 30156
1717 8960 30156
1474 2869 18835
2869 1474 18835
5624 1698 13427
1698 5624 13427
2901 2747 14910
2747 2901 14910
9398 5648 8901
5648 9398 8901
2131 1113 4629
1113 2131 4629
4142 7135 12136
7135 4142 12136
4605 5316 11269
5316 4605 11269
7333 6360 2278
6360 7333 2278
4672 4911 7194
4911 4672 7194
9016 7202 10137
7202 9016 10137
4014 2284 1507
2284 4014 1507
7573 1460 19724
1460 7573 19724
2134 2022 11141
2022 2134 11141
4095 9106 5518
9106 4095 5518
4556 1149 19985
1149 4556 19985
4937 3428 9190
3428 4937 9190
3506 5952 10223
5952 3506 10223
9437 7848 22625
7848 9437 22625
5083 9545 12410
9545 5083 12410
1949 6499 15297
6499 1949 15297
7333 5663 1063
5663 7333 1063
3880 5877 7080
5877 3880 7080
2869 6607 20174
6607 2869 20174
2901 6372 6552
6372 2901 6552
6752 906 32234
906 6752 32234
6372 1986 28323
1986 6372 28323
527 8704 24296
8704 527 24296
275 4447 13659
4447 275 13659
9651 2284 12771
2284 9651 12771
4556 47 30886
47 4556 30886
906 8698 13154
8698 906 13154
5877 2821 24958
2821 5877 24958
125 5948 16357
5948 125 16357
2386 1472 30408
1472 2386 30408
1452 4896 2677
4896 1452 2677
2314 581 18885
581 2314 18885
492 9837 31591
9837 492 31591
753 9619 28364
9619 753 28364
1770 8114 16149
8114 1770 16149
9770 2313 5453
2313 9770 5453
492 8983 25664
8983 492 25664
2314 4212 17231
4212 2314 17231
2984 2686 14412
2686 2984 14412
906 9233 30686
9233 906 30686
3150 4022 25507
4022 3150 25507
1460 2805 5426
2805 1460 5426
3150 5835 13014
5835 3150 13014
1717 6199 15984
6199 1717 15984
7573 46 2396
46 7573 2396
8114 151 7754
151 8114 7754
2134 817 16637
817 2134 16637
8698 9168 8954
9168 8698 8954
492 5976 17739
5976 492 17739
5952 9092 28998
9092 5952 28998
6360 2225 7351
2225 6360 7351
7472 7545 29570
7545 7472 29570
8901 89 22817
89 8901 22817
4287 767 19167
767 4287 19167
4287 9738 10237
9738 4287 10237
6879 1751 22625
1751 6879 22625
8500 9102 32346
9102 8500 32346
4937 6212 24646
6212 4937 24646
6879 5924 14190
5924 6879 14190
4758 93 17878
93 4758 17878
1006 3169 31866
3169 1006 31866
6499 2596 22218
2596 6499 22218
725 6905 803
6905 725 803
458 798 25806
798 458 25806
753 1033 11147
1033 753 11147
2970 10099 20680
10099 2970 20680
6905 10263 22996
10263 6905 22996
275 3129 32497
3129 275 32497
2596 7722 7894
7722 2596 7894
9738 3555 15320
3555 9738 15320
2901 3651 29228
3651 2901 29228
4556 2536 14831
2536 4556 14831
89 8360 29665
8360 89 29665
8799 7735 19509
7735 8799 19509
458 61 30312
61 458 30312
1472 127 11788
127 1472 11788
4447 5415 424
5415 4447 424
2404 5525 20844
5525 2404 20844
2284 4879 9782
4879 2284 9782
4603 1533 9193
1533 4603 9193
318 6785 25630
6785 318 25630
4605 841 20551
841 4605 20551
6212 8261 10955
8261 6212 10955
3651 7262 1428
7262 3651 1428
4911 1934 8166
1934 4911 8166
7472 1176 3579
1176 7472 3579
1311 1817 31045
1817 1311 31045
8431 503 20178
503 8431 20178
5002 4912 23117
4912 5002 23117
4879 7864 30865
7864 4879 30865
2107 10127 24388
10127 2107 24388
906 3469 2220
3469 906 2220
9511 4526 24971
4526 9511 24971
7848 7560 6289
7560 7848 6289
1540 10020 5571
10020 1540 5571
5924 7369 7223
7369 5924 7223
8308 2962 314
2962 8308 314
3506 7266 30709
7266 3506 30709
3880 1383 30267
1383 3880 30267
2022 3349 2216
3349 2022 2216
4429 5235 24342
5235 4429 24342
4672 4760 10828
4760 4672 10828
5415 8582 11770
8582 5415 11770
2747 8292 18583
8292 2747 18583
2962 7032 23542
7032 2962 23542
2970 3731 25133
3731 2970 25133
6590 476 3008
476 6590 3008
6100 5706 29329
5706 6100 29329
318 1796 13579
1796 318 13579
1475 6640 16351
6640 1475 16351
9619 422 17306
422 9619 17306
4429 5702 24804
5702 4429 24804
3169 4390 24919
4390 3169 24919
4153 7049 17733
7049 4153 17733
10127 4948 17667
4948 10127 17667
1751 8325 27814
8325 1751 27814
753 5064 26479
5064 753 26479
3129 5008 6927
5008 3129 6927
1533 849 32568
849 1533 32568
7333 3318 2054
3318 7333 2054
4603 4602 10100
4602 4603 10100
1817 1390 4893
1390 1817 4893
3150 5698 12251
5698 3150 12251
4896 4744 17367
4744 4896 17367
6752 6360 21838
6360 6752 21838
2962 7393 5174
7393 2962 5174
9168 3929 6091
3929 9168 6091
749 1706 3162
1706 749 3162
8983 6241 7979
6241 8983 7979
5083 7419 23274
7419 5083 23274
6469 7571 12866
7571 6469 12866
6560 6433 10570
6433 6560 10570
6433 361 15415
361 6433 15415
1113 4280 15300
4280 1113 15300
8500 5522 18991
5522 8500 18991
749 1005 19757
1005 749 19757
4142 6952 24476
6952 4142 24476
6640 10220 21172
10220 6640 21172
4605 370 2517
370 4605 2517
7081 905 16345
905 7081 16345
633 8619 19388
8619 633 19388
5083 9374 19387
9374 5083 19387
3928 322 24740
322 3928 24740
8799 3554 28740
3554 8799 28740
6905 8108 429
8108 6905 429
527 6002 12503
6002 527 12503
798 8216 23382
8216 798 23382
7081 763 31120
763 7081 31120
5924 8537 18677
8537 5924 18677
8046 5279 26929
5279 8046 26929
3554 5482 19021
5482 3554 19021
9837 9933 26453
9933 9837 26453
7032 1411 2951
1411 7032 2951
9016 1075 21893
1075 9016 21893
7032 531 21036
531 7032 21036
6607 9218 17713
9218 6607 17713
4744 4329 16892
4329 4744 16892
7545 344 13776
344 7545 13776
7636 9820 17075
9820 7636 17075
6002 821 17805
821 6002 17805
6100 2316 27669
2316 6100 27669
9837 1206 17472
1206 9837 17472
7049 1818 20448
1818 7049 20448
1949 6871 2993
6871 1949 2993
344 7251 20849
7251 344 20849
7202 3886 12631
3886 7202 12631
5924 5625 2370
5625 5924 2370
1817 9449 25866
9449 1817 25866
749 6359 1674
6359 749 1674
2314 891 28001
891 2314 28001
6359 8148 11167
8148 6359 11167
4556 6168 32186
6168 4556 32186
1460 3476 29173
3476 1460 29173
4896 4343 27417
4343 4896 27417
8325 2092 10441
2092 8325 10441
8901 6858 23649
6858 8901 23649
3506 1802 19930
1802 3506 19930
6168 9095 18326
9095 6168 18326
4603 4149 445
4149 4603 445
881 7908 12585
7908 881 12585
9168 440 25009
440 9168 25009
8108 2226 891
2226 8108 891
9837 7392 20221
7392 9837 20221
7789 8822 17431
8822 7789 17431
3150 6180 28734
6180 3150 28734
6590 9351 14686
9351 6590 14686
46 8131 4910
8131 46 4910
125 1034 3728
1034 125 3728
5706 1016 5582
1016 5706 5582
138 263 32120
263 138 32120
6241 5336 13301
5336 6241 13301
6905 954 19497
954 6905 19497
1176 2139 4786
2139 1176 4786
8325 971 21133
971 8325 21133
10020 1980 13581
1980 10020 13581
7262 8075 3763
8075 7262 3763
5316 122 15868
122 5316 15868
4014 6081 24606
6081 4014 24606
5415 9271 4524
9271 5415 4524
7573 4277 8582
4277 7573 8582
5064 8120 7288
8120 5064 7288
151 3904 21965
3904 151 21965
4447 474 20504
474 4447 20504
8075 5904 18445
5904 8075 18445
4605 10136 22509
10136 4605 22509
763 1569 10256
1569 763 10256
7848 3880 11140
3880 7848 11140
1311 9633 9106
9633 1311 9106
5976 9420 4757
9420 5976 4757
891 659 4633
659 891 4633
10136 8822 28719
8822 10136 28719
122 7550 19531
7550 122 19531
8148 2849 21209
2849 8148 21209
774 9002 2308
9002 774 2308
3129 789 26047
789 3129 26047
891 1576 27044
1576 891 27044
492 10002 849
10002 492 849
6180 1593 3138
1593 6180 3138
5008 9472 25562
9472 5008 25562
5702 6023 21965
6023 5702 21965
581 222 17146
222 581 17146
7049 9543 32580
9543 7049 32580
7202 1523 27910
1523 7202 27910
6499 6876 6278
6876 6499 6278
9398 1497 441
1497 9398 441
9168 1506 30828
1506 9168 30828
127 3675 27586
3675 127 27586
122 685 17706
685 122 17706
318 1265 9488
1265 318 9488
5624 8391 12592
8391 5624 12592
5525 5282 28133
5282 5525 28133
4912 5826 2041
5826 4912 2041
1472 10229 12574
10229 1472 12574
5482 4696 911
4696 5482 911
3506 6478 31286
6478 3506 31286
8046 1830 28330
1830 8046 28330
2226 2144 12764
2144 2226 12764
821 4203 8376
4203 821 8376
6560 7151 23627
7151 6560 23627
4149 1122 14384
1122 4149 14384
8500 2391 24726
2391 8500 24726
1986 6522 27896
6522 1986 27896
1411 8467 677
8467 1411 677
1593 490 14284
490 1593 14284
6360 1707 16807
1707 6360 16807
1206 7508 11492
7508 1206 11492
2849 10262 19212
10262 2849 19212
10263 999 5971
999 10263 5971
849 7482 13944
7482 849 13944
4896 1153 28616
1153 4896 28616
4390 1430 22824
1430 4390 22824
9233 1788 1216
1788 9233 1216
1113 483 16314
483 1113 16314
6081 8827 25422
8827 6081 25422
3206 2455 21345
2455 3206 21345
5698 8293 5884
8293 5698 5884
1005 5392 27618
5392 1005 27618
1460 9013 31858
9013 1460 31858
8431 6227 8695
6227 8431 8695
881 254 30188
254 881 30188
1034 7916 11749
7916 1034 11749
1075 3373 8613
3373 1075 8613
6876 8276 3172
8276 6876 3172
1796 5277 4539
5277 1796 4539
4277 9605 6197
9605 4277 6197
9095 4704 16959
4704 9095 16959
5663 4870 20721
4870 5663 20721
8704 784 30057
784 8704 30057
2805 4928 14330
4928 2805 14330
1034 9635 1834
9635 1034 1834
7081 6395 4758
6395 7081 4758
1751 457 148
457 1751 148
6180 2515 3221
2515 6180 3221
8075 4872 2252
4872 8075 2252
490 2530 14615
2530 490 14615
422 9429 5253
9429 422 5253
6372 6655 22353
6655 6372 22353
3458 2856 13876
2856 3458 13876
2869 7689 8028
7689 2869 8028
10002 2929 125
2929 10002 125
1006 6242 16235
6242 1006 16235
3469 5443 22920
5443 3469 22920
8114 4384 11279
4384 8114 11279
1005 22 14656
22 1005 14656
8537 1554 1605
1554 8537 1605
8537 2750 26030
2750 8537 26030
9635 9033 12411
9033 9635 12411
2750 6124 10211
6124 2750 10211
5336 2880 18405
2880 5336 18405
9770 3750 31033
3750 9770 31033
4329 7303 10660
7303 4329 10660
8983 9560 7122
9560 8983 7122
9033 966 947
966 9033 947
753 6789 17045
6789 753 17045
4672 7222 16290
7222 4672 16290
1430 440 11300
440 1430 11300
8293 2096 26995
2096 8293 26995
6023 8387 12662
8387 6023 12662
1034 4350 8002
4350 1034 8002
2764 9022 5153
9022 2764 5153
2856 6660 9856
6660 2856 9856
999 4582 8573
4582 999 8573
763 5126 2526
5126 763 2526
8960 2537 22292
2537 8960 22292
6199 8041 12106
8041 6199 12106
4390 1303 27180
1303 4390 27180
8261 1770 14204
1770 8261 14204
2134 8839 14157
8839 2134 14157
841 1488 16657
1488 841 16657
440 5470 11
5470 440 11
6199 2933 26406
2933 6199 26406
8046 9833 19578
9833 8046 19578
9102 2544 6114
2544 9102 6114
2391 9193 4891
9193 2391 4891
9092 8867 14728
8867 9092 14728
7393 9148 17703
9148 7393 17703
422 1724 5330
1724 422 5330
3856 6969 22138
6969 3856 22138
1033 4901 12751
4901 1033 12751
7266 315 8082
315 7266 8082
7908 3304 20602
3304 7908 20602
1934 6355 23896
6355 1934 23896
4896 8275 30911
8275 4896 30911
7908 7539 26035
7539 7908 26035
6640 8270 21938
8270 6640 21938
1707 5050 14617
5050 1707 14617
5064 2011 15894
2011 5064 15894
8293 1125 14475
1125 8293 14475
5770 1152 145
1152 5770 145
4605 6450 17610
6450 4605 17610
10229 10056 21536
10056 10229 21536
6583 564 13996
564 6583 13996
7303 6243 15780
6243 7303 15780
8431 7357 18889
7357 8431 18889
10136 5585 24987
5585 10136 24987
7573 5866 2568
5866 7573 2568
151 7758 9581
7758 151 9581
1152 6329 27056
6329 1152 27056
3506 1978 17869
1978 3506 17869
4022 4595 10494
4595 4022 10494
7508 189 12318
189 7508 12318
2747 5930 31106
5930 2747 31106
6752 787 2786
787 6752 2786
7482 7212 5794
7212 7482 5794
1411 8351 32150
8351 1411 32150
7262 1771 14872
1771 7262 14872
7560 8341 650
8341 7560 650
1113 8038 11851
8038 1113 11851
22 8891 28059
8891 22 28059
7032 1297 6604
1297 7032 6604
5522 3298 26835
3298 5522 26835
8704 3925 18018
3925 8704 18018
1724 61 1113
61 1724 1113
4350 9618 27495
9618 4350 27495
4704 5056 10563
5056 4704 10563
2901 7210 13929
7210 2901 13929
2750 972 22299
972 2750 22299
633 5877 15944
5877 633 15944
10220 2335 8761
2335 10220 8761
749 5092 3145
5092 749 3145
3428 475 32071
475 3428 32071
8822 7499 17366
7499 8822 17366
9193 10257 645
10257 9193 645
2022 9798 31968
9798 2022 31968
5522 3795 16799
3795 5522 16799
2022 432 28199
432 2022 28199
8494 1144 7492
1144 8494 7492
2536 1491 23498
1491 2536 23498
3469 4256 4022
4256 3469 4022
4912 7209 13296
7209 4912 13296
4390 9474 20481
9474 4390 20481
7508 86 9838
86 7508 9838
3880 4985 22960
4985 3880 22960
322 4714 9647
4714 322 9647
725 970 22281
970 725 22281
1005 5871 28236
5871 1005 28236
61 5589 29245
5589 61 29245
8325 6431 16407
6431 8325 16407
4280 3776 11278
3776 4280 11278
474 6969 11909
6969 474 11909
9543 1308 5847
1308 9543 5847
4928 3634 10172
3634 4928 10172
5470 4004 19199
4004 5470 19199
4384 2761 22699
2761 4384 22699
8351 4151 9786
4151 8351 9786
1934 967 14846
967 1934 14846
8131 6769 31014
6769 8131 31014
6952 1550 9418
1550 6952 9418
9651 8583 16164
8583 9651 16164
125 1726 7994
1726 125 7994
6640 6332 27266
6332 6640 27266
9738 3424 28854
3424 9738 28854
3928 1081 17230
1081 3928 17230
9474 4482 18991
4482 9474 18991
3506 10238 24934
10238 3506 24934
7545 4994 14998
4994 7545 14998
2737 656 31401
656 2737 31401
10136 10069 4270
10069 10136 4270
4142 679 9298
679 4142 9298
1475 6546 688
6546 1475 688
821 4754 21213
4754 821 21213
3904 6414 18821
6414 3904 18821
6879 3420 26129
3420 6879 26129
6199 7624 8311
7624 6199 8311
9420 7135 30462
7135 9420 30462
8822 8736 7084
8736 8822 7084
891 8423 31763
8423 891 31763
2134 5353 22226
5353 2134 22226
6395 4075 15249
4075 6395 15249
3304 4496 27313
4496 3304 27313
490 9356 32524
9356 490 32524
9092 5343 13229
5343 9092 13229
7624 9104 6846
9104 7624 6846
322 10130 3168
10130 322 3168
8292 10119 12748
10119 8292 12748
9218 1447 1733
1447 9218 1733
6199 1120 15573
1120 6199 15573
972 4404 13238
4404 972 13238
763 7573 19040
7573 763 19040
275 10015 31663
10015 275 31663
8736 99 18694
99 8736 18694
1125 6361 15624
6361 1125 15624
5277 578 31082
578 5277 31082
9770 2222 9002
2222 9770 9002
7262 1011 31324
1011 7262 31324
2984 1761 18287
1761 2984 18287
3928 4119 19389
4119 3928 19389
6180 8300 30630
8300 6180 30630
10220 8892 13563
8892 10220 13563
4329 2306 18294
2306 4329 18294
4758 5311 16956
5311 4758 16956
1475 1739 10516
1739 1475 10516
5826 1309 6042
1309 5826 6042
46 7537 32518
7537 46 32518
8341 7059 15348
7059 8341 15348
318 3485 15343
3485 318 15343
2544 4819 17730
4819 2544 17730
9833 3943 1680
3943 9833 1680
1506 8137 3703
8137 1506 3703
4603 2323 18314
2323 4603 18314
1430 4167 25416
4167 1430 25416
2131 886 21372
886 2131 21372
9193 7524 26747
7524 9193 26747
5930 7684 24475
7684 5930 24475
6395 6486 1928
6486 6395 1928
8276 3573 26578
3573 8276 26578
6560 9380 23218
9380 6560 23218
2313 4414 29960
4414 2313 29960
3928 1723 4835
1723 3928 4835
8537 5014 5927
5014 8537 5927
8698 10252 8939
10252 8698 8939
8494 3055 14832
3055 8494 14832
6879 7472 13306
7472 6879 13306
1796 4195 3273
4195 1796 3273
3150 2035 5481
2035 3150 5481
2869 907 21756
907 2869 21756
8960 9425 3627
9425 8960 3627
7032 4819 32557
4819 7032 32557
127 5718 16514
5718 127 16514
1934 2027 28648
2027 1934 28648
2107 3317 16587
3317 2107 16587
2404 1846 15511
1846 2404 15511
1176 3486 9851
3486 1176 9851
457 6055 27980
6055 457 27980
4603 3581 19110
3581 4603 19110
8822 5004 32011
5004 8822 32011
3880 5404 10659
5404 3880 10659
1475 10222 20911
10222 1475 20911
1540 5827 1459
5827 1540 1459
3055 9783 9588
9783 3055 9588
6499 5200 1710
5200 6499 1710
1475 4662 11213
4662 1475 11213
4526 1347 14108
1347 4526 14108
6241 5447 26643
5447 6241 26643
3776 8025 31059
8025 3776 31059
2096 6858 2087
6858 2096 2087
7573 9248 28525
9248 7573 28525
1726 1036 28201
1036 1726 28201
3150 446 26408
446 3150 26408
1817 2148 15307
2148 1817 15307
1554 8039 14106
8039 1554 14106
1576 76 30439
76 1576 30439
8261 9110 11452
9110 8261 11452
6414 1980 4709
1980 6414 4709
8704 9742 17206
9742 8704 17206
6149 2849 6037
2849 6149 6037
1523 1229 26870
1229 1523 26870
1724 5530 11142
5530 1724 11142
7393 10028 11889
10028 7393 11889
774 5386 2305
5386 774 2305
2761 914 25260
914 2761 25260
8391 2572 4915
2572 8391 4915
6486 336 29267
336 6486 29267
7303 5155 11818
5155 7303 11818
8983 8661 25735
8661 8983 25735
5871 155 25009
155 5871 25009
4287 3379 7351
3379 4287 7351
6655 65 16429
65 6655 16429
8582 1265 11029
1265 8582 11029
9449 8647 28302
8647 9449 28302
7049 6194 32137
6194 7049 32137
2962 6058 19311
6058 2962 19311
7789 5329 16687
5329 7789 16687
3856 8987 25331
8987 3856 25331
2144 312 18627
312 2144 18627
6905 8571 27147
8571 6905 27147
2596 1835 26253
1835 2596 26253
7151 7339 14120
7339 7151 14120
4022 10026 26789
10026 4022 26789
6023 3542 26494
3542 6023 26494
531 2069 23719
2069 531 23719
2306 4735 26471
4735 2306 26471
8901 4297 31795
4297 8901 31795
5877 7787 14736
7787 5877 14736
6360 8980 13774
8980 6360 13774
6081 8055 27621
8055 6081 27621
4429 3947 15860
3947 4429 15860
8960 4971 31365
4971 8960 31365
7573 4977 649
4977 7573 649
2139 5176 16414
5176 2139 16414
6227 1446 20200
1446 6227 20200
2747 899 20612
899 2747 20612
2313 7477 31028
7477 2313 31028
1497 4388 1376
4388 1497 1376
5706 7287 8650
7287 5706 8650
5482 1825 28230
1825 5482 28230
2022 1043 29655
1043 2022 29655
881 1073 3226
1073 881 3226
7287 8220 646
8220 7287 646
10222 9969 6403
9969 10222 6403
5343 4182 24644
4182 5343 24644
1540 685 21350
685 1540 21350
8325 1273 30205
1273 8325 30205
2391 7972 24473
7972 2391 24473
1206 7269 32371
7269 1206 32371
5282 4454 16467
4454 5282 16467
483 6588 28151
6588 483 28151
8431 10156 28414
10156 8431 28414
6194 748 2337
748 6194 2337
9271 44 10871
44 9271 10871
1005 10281 3432
10281 1005 3432
7210 1441 12264
1441 7210 12264
6100 6568 9382
6568 6100 9382
5589 9098 30772
9098 5589 30772
6568 4519 30951
4519 6568 30951
8704 2508 6585
2508 8704 6585
7722 8115 12310
8115 7722 12310
5530 9773 24906
9773 5530 24906
4519 8137 28523
8137 4519 28523
763 8235 26288
8235 763 26288
4119 3955 21660
3955 4119 21660
5877 3944 8221
3944 5877 8221
2869 2593 10055
2593 2869 10055
8494 9713 5453
9713 8494 5453
10222 3042 28434
3042 10222 28434
767 3244 7751
3244 767 7751
9619 3760 11111
3760 9619 11111
8387 7341 25348
7341 8387 25348
9429 6427 12259
6427 9429 12259
2750 6196 26721
6196 2750 26721
10069 3965 13516
3965 10069 13516
61 857 11301
857 61 11301
1206 6826 3365
6826 1206 3365
9248 3671 29965
3671 9248 29965
3055 3631 15429
3631 3055 15429
3955 1375 23819
1375 3955 23819
1043 111 25330
111 1043 25330
4482 6307 2887
6307 4482 2887
7222 2151 16495
2151 7222 16495
8980 6640 24707
6640 8980 24707
1303 1590 24070
1590 1303 24070
2849 6175 21484
6175 2849 21484
2027 503 31726
503 2027 31726
7135 10192 14207
10192 7135 14207
9095 3876 3230
3876 9095 3230
6194 4696 25226
4696 6194 25226
322 9466 2028
9466 322 2028
5392 2776 9723
2776 5392 9723
1273 1206 12687
1206 1273 12687
578 6450 16746
6450 578 16746
841 5014 9938
5014 841 9938
5589 759 8494
759 5589 8494
8987 2442 13732
2442 8987 13732
6450 3062 19675
3062 6450 19675
2391 8046 13126
8046 2391 13126
2284 2545 27380
2545 2284 27380
2022 5527 21309
5527 2022 21309
3379 3833 27072
3833 3379 27072
3965 7137 28516
7137 3965 28516
1980 8954 1659
8954 1980 1659
5525 7064 22565
7064 5525 22565
8867 3545 25436
3545 8867 25436
531 6272 12351
6272 531 12351
10229 4411 29228
4411 10229 29228
7573 8592 6578
8592 7573 6578
905 3488 31836
3488 905 31836
1835 2673 8602
2673 1835 8602
111 3714 21212
3714 111 21212
5904 1424 30499
1424 5904 30499
6450 1751 32549
1751 6450 32549
7499 7154 7650
7154 7499 7650
7722 3967 31795
3967 7722 31795
1383 4112 1589
4112 1383 1589
3928 10112 22879
10112 3928 22879
10015 7070 22127
7070 10015 22127
4203 1810 603
1810 4203 603
721 5136 17926
5136 721 17926
10056 7079 3777
7079 10056 3777
4350 4734 18428
4734 4350 18428
753 1187 16620
1187 753 16620
8131 9132 29743
9132 8131 29743
8075 9010 3870
9010 8075 3870
6212 6681 14179
6681 6212 14179
138 6840 791
6840 138 791
10119 1548 24604
1548 10119 24604
3760 4678 15280
4678 3760 15280
1441 7508 12956
7508 1441 12956
6360 10280 14610
10280 6360 14610
7848 4904 22701
4904 7848 22701
6180 10262 10147
10262 6180 10147
503 1349 20984
1349 503 20984
6329 7619 26307
7619 6329 26307
1475 6418 4114
6418 1475 4114
7333 2646 24548
2646 7333 24548
125 7245 13721
7245 125 13721
10220 9594 14255
9594 10220 14255
2673 9903 4579
9903 2673 4579
7472 7133 17963
7133 7472 17963
9168 432 31540
432 9168 31540
10112 4984 25636
4984 10112 25636
7689 2345 10110
2345 7689 10110
1708 7884 19270
7884 1708 19270
8148 1428 10250
1428 8148 10250
899 818 21412
818 899 21412
6124 7188 18085
7188 6124 18085
3675 239 5287
239 3675 5287
4075 1551 17188
1551 4075 17188
1548 8088 10389
8088 1548 10389
4911 6131 26199
6131 4911 26199
2284 5659 22832
5659 2284 22832
475 3026 7118
3026 475 7118
2761 10138 8487
10138 2761 8487
1033 8054 21998
8054 1033 21998
6858 2628 318
2628 6858 318
659 7783 30805
7783 659 30805
3542 6550 31108
6550 3542 31108
2658 1898 29306
1898 2658 29306
6550 8069 22003
8069 6550 22003
9168 8287 10499
8287 9168 10499
2970 1292 15166
1292 2970 15166
3965 2462 22108
2462 3965 22108
6199 2796 19399
2796 6199 19399
6546 8119 15195
8119 6546 15195
275 3117 9716
3117 275 9716
7472 4782 24357
4782 7472 24357
4406 8249 13393
8249 4406 13393
5877 8206 18833
8206 5877 18833
7573 2688 7494
2688 7573 7494
1802 6500 9647
6500 1802 9647
10252 439 25426
439 10252 25426
1717 4745 8780
4745 1717 8780
9398 8099 18427
8099 9398 18427
6905 5716 17532
5716 6905 17532
899 9960 4866
9960 899 4866
5235 2981 17566
2981 5235 17566
767 7283 19569
7283 767 19569
3117 2328 2127
2328 3117 2127
6199 144 5022
144 6199 5022
3304 2475 27715
2475 3304 27715
2596 8990 22084
8990 2596 22084
22 5962 26377
5962 22 26377
7908 5646 4657
5646 7908 4657
8114 6472 10777
6472 8114 10777
4782 1988 20801
1988 4782 20801
4901 321 22725
321 4901 22725
8120 1980 673
1980 8120 673
8494 4186 17632
4186 8494 17632
457 7755 1420
7755 457 1420
1751 163 28470
163 1751 28470
10262 5047 30973
5047 10262 30973
6055 8229 24114
8229 6055 24114
6568 6813 272
6813 6568 272
581 511 18239
511 581 18239
2035 1487 32262
1487 2035 32262
9833 2746 6084
2746 9833 6084
475 547 31271
547 475 31271
6785 3865 12499
3865 6785 12499
275 9252 11003
9252 275 11003
1533 1014 13534
1014 1533 13534
9168 9571 6026
9571 9168 6026
7624 852 10511
852 7624 10511
1717 9032 6312
9032 1717 6312
2849 9796 29720
9796 2849 29720
1144 5299 18810
5299 1144 18810
9104 920 661
920 9104 661
2092 2548 28081
2548 2092 28081
8038 6271 7510
6271 8038 7510
1978 7512 8239
7512 1978 8239
1311 744 22571
744 1311 22571
7512 62 6170
62 7512 6170
5050 10132 6
10132 5050 6
7783 5784 19328
5784 7783 19328
2674 6260 9619
6260 2674 9619
4870 4793 32282
4793 4870 32282
4994 1249 23959
1249 4994 23959
483 9270 12244
9270 483 12244
8115 5299 8876
5299 8115 8876
9233 8970 12833
8970 9233 12833
8698 8970 31804
8970 8698 31804
1751 8761 15432
8761 1751 15432
3318 2818 15561
2818 3318 15561
8075 7029 30246
7029 8075 30246
3062 304 24033
304 3062 24033
9102 3162 28193
3162 9102 28193
6433 8873 19025
8873 6433 19025
818 3323 6710
3323 818 6710
9098 2904 22381
2904 9098 22381
503 5740 11635
5740 503 11635
5014 7910 21655
7910 5014 21655
3944 1967 569
1967 3944 569
5386 5423 1082
5423 5386 1082
9098 91 28434
91 9098 28434
9193 6740 5115
6740 9193 5115
1006 20 24326
20 1006 24326
5064 2599 20946
2599 5064 20946
6361 5545 18360
5545 6361 18360
61 3136 31297
3136 61 31297
7908 1722 26282
1722 7908 26282
564 6585 8170
6585 564 8170
9233 7351 23672
7351 9233 23672
4696 8182 26416
8182 4696 26416
6500 1053 6132
1053 6500 6132
1533 1650 12451
1650 1533 12451
5770 3156 23650
3156 5770 23650
2022 6273 25454
6273 2022 25454
7573 1773 21828
1773 7573 21828
1934 9818 25855
9818 1934 25855
65 8490 28535
8490 65 28535
2314 8706 32154
8706 2314 32154
7133 7356 25236
7356 7133 25236
787 5563 417
5563 787 417
725 9391 18127
9391 725 18127
7049 2879 9643
2879 7049 9643
1846 1975 4806
1975 1846 4806
578 791 30664
791 578 30664
3760 5138 14855
5138 3760 14855
4901 2940 8839
2940 4901 8839
9969 5830 12336
5830 9969 12336
1491 424 28302
424 1491 28302
5200 9261 7664
9261 5200 7664
8039 94 32231
94 8039 32231
2776 409 27749
409 2776 27749
2764 5443 2140
5443 2764 2140
6450 2369 16502
2369 6450 16502
7916 2402 618
2402 7916 618
5050 7367 25413
7367 5050 25413
7624 7961 8368
7961 7624 8368
1273 7122 13774
7122 1273 13774
5827 5697 10230
5697 5827 10230
9770 2001 32070
2001 9770 32070
4819 8425 32274
8425 4819 32274
1349 3482 25315
3482 1349 25315
9511 5134 2646
5134 9511 2646
6414 1690 15620
1690 6414 15620
2849 337 13396
337 2849 13396
4277 8421 28929
8421 4277 28929
3928 7782 17937
7782 3928 17937
9095 9164 17415
9164 9095 17415
8351 2120 13065
2120 8351 13065
439 1656 5826
1656 439 5826
189 7576 22408
7576 189 22408
3876 9284 6867
9284 3876 6867
6100 9486 15431
9486 6100 15431
6740 1806 25145
1806 6740 25145
5718 481 22611
481 5718 22611
2821 1254 2101
1254 2821 2101
1036 2415 16288
2415 1036 16288
1153 1593 28765
1593 1153 28765
361 6774 14044
6774 361 14044
999 7850 972
7850 999 972
8206 545 21853
545 8206 21853
3485 5093 15799
5093 3485 15799
9106 3485 17467
3485 9106 17467
1707 4641 4053
4641 1707 4053
9429 5 22012
5 9429 22012
5827 4490 31822
4490 5827 31822
4297 5568 13396
5568 4297 13396
784 6520 1595
6520 784 1595
8292 5045 18924
5045 8292 18924
344 657 6866
657 344 6866
1265 3349 27695
3349 1265 27695
8069 9120 9437
9120 8069 9437
10136 1128 11655
1128 10136 11655
5045 7799 26888
7799 5045 26888
6227 7785 14999
7785 6227 14999
2869 2985 25890
2985 2869 25890
6427 3654 17743
3654 6427 17743
8431 1445 1397
1445 8431 1397
7287 5594 22261
5594 7287 22261
1153 3113 27322
3113 1153 27322
1770 371 32365
371 1770 32365
4142 4088 78
4088 4142 78
8983 10256 17005
10256 8983 17005
318 6850 5558
6850 318 5558
1176 3923 5990
3923 1176 5990
8736 262 24478
262 8736 24478
849 978 26425
978 849 26425
4977 3068 971
3068 4977 971
3298 3317 3359
3317 3298 3359
6607 4982 28856
4982 6607 28856
2284 4302 4678
4302 2284 4678
2548 4955 3297
4955 2548 3297
1187 1340 2067
1340 1187 2067
6486 3940 4831
3940 6486 4831
3304 7110 8972
7110 3304 8972
3485 8053 1762
8053 3485 1762
1576 10229 17874
10229 1576 17874
6813 4052 26419
4052 6813 26419
2386 6811 3506
6811 2386 3506
8892 2427 23744
2427 8892 23744
5718 4322 15036
4322 5718 15036
6272 769 4575
769 6272 4575
5 1762 2914
1762 5 2914
5835 7262 17607
7262 5835 17607
1771 5727 26623
5727 1771 26623
5624 8938 30848
8938 5624 30848
3947 2474 5352
2474 3947 5352
5311 5364 8741
5364 5311 8741
6560 1897 8654
1897 6560 8654
881 174 10711
174 881 10711
7110 10023 913
10023 7110 913
3206 1850 23991
1850 3206 23991
2011 3233 16867
3233 2011 16867
1830 1360 23218
1360 1830 23218
4195 7437 29762
7437 4195 29762
8583 1861 16917
1861 8583 16917
6431 4147 566
4147 6431 566
6227 2968 9239
2968 6227 9239
9218 4650 18647
4650 9218 18647
886 57 9951
57 886 9951
475 4366 31742
4366 475 31742
1482 8306 28338
8306 1482 28338
8799 4856 25533
4856 8799 25533
1788 6229 30536
6229 1788 30536
1474 2100 1768
2100 1474 1768
3943 3929 14208
3929 3943 14208
8647 3317 31186
3317 8647 31186
2462 4955 24548
4955 2462 24548
7910 8518 29846
8518 7910 29846
7110 3573 6588
3573 7110 6588
2284 1530 5756
1530 2284 5756
1430 9743 12206
9743 1430 12206
6520 9093 25690
9093 6520 25690
5877 8718 18954
8718 5877 18954
2985 9923 11783
9923 2985 11783
1340 211 14428
211 1340 14428
8025 9416 11059
9416 8025 11059
4977 458 28386
458 4977 28386
7351 5534 23108
5534 7351 23108
914 7888 14822
7888 914 14822
1706 7155 3080
7155 1706 3080
4678 4611 574
4611 4678 574
9032 9539 7518
9539 9032 7518
6273 8540 9556
8540 6273 9556
3062 4495 15395
4495 3062 15395
10238 749 10374
749 10238 10374
4912 9515 18175
9515 4912 18175
852 8845 17095
8845 852 17095
422 6074 28656
6074 422 28656
5568 9646 10427
9646 5568 10427
4603 222 22435
222 4603 22435
1206 7150 1738
7150 1206 1738
10015 3456 27637
3456 10015 27637
8229 3784 29154
3784 8229 29154
1980 900 32314
900 1980 32314
4928 7197 8922
7197 4928 8922
3373 653 22036
653 3373 22036
6952 7719 22963
7719 6952 22963
5930 5661 3076
5661 5930 3076
254 877 7474
877 254 7474
5589 7359 17152
7359 5589 17152
9164 209 130
209 9164 130
322 8627 31401
8627 322 31401
1006 597 31707
597 1006 31707
144 9787 15357
9787 144 15357
9233 7817 1645
7817 9233 1645
7064 2779 24727
2779 7064 24727
5279 1066 20212
1066 5279 20212
209 212 14556
212 209 14556
4856 3324 32198
3324 4856 32198
9738 3452 28576
3452 9738 28576
1430 9033 9789
9033 1430 9789
8582 7578 18997
7578 8582 18997
5392 2178 18114
2178 5392 18114
7135 4313 22996
4313 7135 22996
6361 8595 15850
8595 6361 15850
10136 673 28645
673 10136 28645
7848 6064 16483
6064 7848 16483
8647 9230 14491
9230 8647 14491
6307 5179 28325
5179 6307 28325
6395 2253 22474
2253 6395 22474
1430 6660 31394
6660 1430 31394
6774 314 21013
314 6774 21013
1978 2848 11492
2848 1978 11492
6180 3896 189
3896 6180 189
9560 749 21984
749 9560 21984
371 5713 22709
5713 371 22709
6271 4700 9069
4700 6271 9069
1311 2532 32208
2532 1311 32208
1297 9193 15247
9193 1297 15247
841 6634 283
6634 841 283
10119 2272 13606
2272 10119 13606
8592 5978 21960
5978 8592 21960
511 9013 23580
9013 511 23580
564 3071 2610
3071 564 2610
9515 1786 29217
1786 9515 29217
9351 7560 15069
7560 9351 15069
3651 3467 7711
3467 3651 7711
9092 1655 5002
1655 9092 5002
2148 3274 19430
3274 2148 19430
7392 518 5808
518 7392 5808
5563 3049 10949
3049 5563 10949
1254 6218 24055
6218 1254 24055
2848 5909 5378
5909 2848 5378
899 922 9868
922 899 9868
209 9212 17276
9212 209 17276
4526 7342 21098
7342 4526 21098
9033 7031 6097
7031 9033 6097
9106 3988 9185
3988 9106 9185
2596 6247 19680
6247 2596 19680
2100 6833 27406
6833 2100 27406
5329 5342 20616
5342 5329 20616
4151 8931 13565
8931 4151 13565
6064 1678 15077
1678 6064 15077
4955 4085 23206
4085 4955 23206
3049 9636 5765
9636 3049 5765
5200 1436 8716
1436 5200 8716
7202 9658 19013
9658 7202 19013
9104 5419 3621
5419 9104 3621
3886 2604 16601
2604 3886 16601
10156 3420 2642
3420 10156 2642
1297 2967 13100
2967 1297 13100
656 9652 25742
9652 656 25742
3150 2430 4630
2430 3150 4630
6372 623 5543
623 6372 5543
5083 8806 16674
8806 5083 16674
3675 2008 14606
2008 3675 14606
4195 4069 30550
4069 4195 30550
5050 985 24114
985 5050 24114
633 10193 31800
10193 633 31800
9016 4124 6999
4124 9016 6999
8592 1209 26251
1209 8592 26251
3318 8396 3689
8396 3318 3689
6131 362 20341
362 6131 20341
4297 4271 21055
4271 4297 21055
7524 9135 26637
9135 7524 26637
6431 4056 28487
4056 6431 28487
749 6992 22659
6992 749 22659
6590 2169 1176
2169 6590 1176
9233 5989 5984
5989 9233 5984
4982 8811 25295
8811 4982 25295
2869 7352 19605
7352 2869 19605
163 9305 9297
9305 163 9297
7392 9140 10053
9140 7392 10053
222 520 1730
520 222 1730
2761 9588 7835
9588 2761 7835
9164 7524 30669
7524 9164 30669
8698 262 13572
262 8698 13572
4611 1041 31644
1041 4611 31644
9193 9321 21160
9321 9193 21160
9658 9644 23939
9644 9658 23939
2442 1504 30456
1504 2442 30456
6486 8603 3028
8603 6486 3028
457 3060 10915
3060 457 10915
7122 867 9686
867 7122 9686
881 5853 4699
5853 881 4699
337 8950 12115
8950 337 12115
9095 109 6188
109 9095 6188
2737 8736 7990
8736 2737 7990
4678 1423 9298
1423 4678 9298
10002 9648 10036
9648 10002 10036
9594 189 8145
189 9594 8145
7758 2692 12407
2692 7758 12407
5353 5044 19003
5044 5353 19003
3042 2944 11709
2944 3042 11709
4977 7402 6513
7402 4977 6513
10257 5847 7536
5847 10257 7536
8421 5481 13622
5481 8421 13622
4406 2299 30365
2299 4406 30365
10229 5712 31215
5712 10229 31215
254 8423 20952
8423 254 20952
8704 2047 5361
2047 8704 5361
9651 2736 31592
2736 9651 31592
8041 8170 4634
8170 8041 4634
659 6755 20060
6755 659 20060
483 4723 26039
4723 483 26039
5343 3311 20559
3311 5343 20559
4195 9437 28380
9437 4195 28380
6194 1552 5123
1552 6194 5123
2944 7450 28091
7450 2944 28091
458 899 32035
899 458 32035
656 7851 18082
7851 656 18082
1006 73 10694
73 1006 10694
881 1414 30113
1414 881 30113
6196 2113 5772
2113 6196 5772
2335 4429 8202
4429 2335 8202
3162 8220 6251
8220 3162 6251
3671 5784 2125
5784 3671 2125
6546 4486 4997
4486 6546 4997
4366 8944 7635
8944 4366 7635
7910 7783 30882
7783 7910 30882
9104 8938 17903
8938 9104 17903
6359 9398 6939
9398 6359 6939
771 509 7168
509 771 7168
6752 7269 28513
7269 6752 28513
4142 716 5710
716 4142 5710
4696 5245 18022
5245 4696 18022
4872 75 2638
75 4872 2638
8827 1530 13444
1530 8827 13444
774 5519 18004
5519 774 18004
3156 8476 4807
8476 3156 4807
4280 2985 12248
2985 4280 12248
1265 3308 32671
3308 1265 32671
6218 9486 23770
9486 6218 23770
9305 8856 98
8856 9305 98
4760 4808 17416
4808 4760 17416
7081 8210 30502
8210 7081 30502
8954 5940 12981
5940 8954 12981
6681 10148 6366
10148 6681 6366
3485 6166 2241
6166 3485 2241
476 982 32192
982 476 32192
6655 3900 6656
3900 6655 6656
4912 1929 23131
1929 4912 23131
8806 6882 20937
6882 8806 20937
222 8956 31207
8956 222 31207
3675 978 8363
978 3675 8363
900 1184 17076
1184 900 17076
4153 2763 9596
2763 4153 9596
9233 7722 29636
7722 9233 29636
5826 6675 14915
6675 5826 14915
7151 839 30454
839 7151 30454
6100 7210 25262
7210 6100 25262
3965 2591 9545
2591 3965 9545
1249 6452 23811
6452 1249 23811
2391 1685 17183
1685 2391 17183
6175 9973 6112
9973 6175 6112
7908 2120 22670
2120 7908 22670
5235 8637 24092
8637 5235 24092
3923 4441 28186
4441 3923 28186
4678 6857 30630
6857 4678 30630
446 7308 12400
7308 446 12400
2008 2456 6464
2456 2008 6464
2204 1958 7675
1958 2204 7675
1430 959 5719
959 1430 5719
1041 113 14184
113 1041 14184
93 8845 12148
8845 93 12148
7758 8817 18551
8817 7758 18551
94 2102 23798
2102 94 23798
978 7729 20648
7729 978 20648
3068 9279 26902
9279 3068 26902
7031 8606 27557
8606 7031 27557
10099 7346 23905
7346 10099 23905
518 2582 26491
2582 518 26491
7197 10098 1836
10098 7197 1836
3274 2075 2811
2075 3274 2811
6149 8382 29623
8382 6149 29623
7864 7837 30942
7837 7864 30942
440 2064 4079
2064 440 4079
4429 1790 11394
1790 4429 11394
9193 2866 24846
2866 9193 24846
5827 4982 21337
4982 5827 21337
2596 10107 25239
10107 2596 25239
2178 257 21084
257 2178 21084
2415 4497 19285
4497 2415 19285
3506 6018 10531
6018 3506 10531
7573 5205 7784
5205 7573 7784
4760 1368 11384
1368 4760 11384
5706 10237 20102
10237 5706 20102
1062 7592 20598
7592 1062 20598
857 605 10492
605 857 10492
7369 7277 32403
7277 7369 32403
361 5897 2832
5897 361 2832
1062 3623 20015
3623 1062 20015
2985 6814 24530
6814 2985 24530
1383 3710 30322
3710 1383 30322
5646 3295 23939
3295 5646 23939
9104 8957 1704
8957 9104 1704
9230 4065 16663
4065 9230 16663
7972 2988 28253
2988 7972 28253
1533 4108 11133
4108 1533 11133
1786 2296 12505
2296 1786 12505
520 7961 6067
7961 520 6067
767 3474 22494
3474 767 22494
4065 3388 29140
3388 4065 29140
5014 2638 26541
2638 5014 26541
3156 595 30359
595 3156 30359
4056 8496 19131
8496 4056 19131
1786 1353 4
1353 1786 4
2536 2048 30114
2048 2536 30114
8619 3266 3909
3266 8619 3909
5138 9515 29744
9515 5138 29744
2981 2668 3290
2668 2981 3290
2929 4340 13988
4340 2929 13988
4734 10196 12191
10196 4734 12191
2879 112 25201
112 2879 25201
6583 9616 4193
9616 6583 4193
8293 7562 11305
7562 8293 11305
1790 977 29428
977 1790 29428
1360 1262 26718
1262 1360 26718
657 2364 3852
2364 657 3852
1311 1608 8080
1608 1311 8080
4937 9175 29255
9175 4937 29255
7684 9138 5512
9138 7684 5512
5447 7336 16933
7336 5447 16933
4879 6610 28342
6610 4879 28342
3474 3365 32738
3365 3474 32738
7079 5052 32356
5052 7079 32356
8360 5996 18805
5996 8360 18805
5527 219 24282
219 5527 24282
3947 8406 14875
8406 3947 14875
7049 1736 20686
1736 7049 20686
1303 3814 21044
3814 1303 21044
2856 2109 4530
2109 2856 4530
8351 6815 356
6815 8351 356
337 7247 28864
7247 337 28864
791 4106 24370
4106 791 24370
3631 6453 30925
6453 3631 30925
791 2315 7577
2315 791 7577
9033 4800 6482
4800 9033 6482
2880 8686 7750
8686 2880 7750
8606 6337 25387
6337 8606 25387
7848 4501 7812
4501 7848 7812
578 7899 15861
7899 578 15861
212 9219 30455
9219 212 30455
2658 3164 282
3164 2658 282
3169 8472 17332
8472 3169 17332
1722 2405 10219
2405 1722 10219
5522 5435 15977
5435 5522 15977
10262 3452 31315
3452 10262 31315
7735 1156 30592
1156 7735 30592
2456 8378 3082
8378 2456 3082
8619 3021 15497
3021 8619 15497
4256 8465 29269
8465 4256 29269
5830 4191 10581
4191 5830 10581
9071 4334 5297
4334 9071 5297
789 7561 28283
7561 789 28283
5594 9048 5888
9048 5594 5888
5481 679 4935
679 5481 4935
3233 8808 7177
8808 3233 7177
6634 8479 12868
8479 6634 12868
5299 8546 5492
8546 5299 5492
93 5181 14039
5181 93 14039
3904 1383 4736
1383 3904 4736
7308 1032 18355
1032 7308 18355
222 6200 4395
6200 222 4395
9466 9301 7425
9301 9466 7425
2761 1988 19843
1988 2761 19843
503 5956 21140
5956 503 21140
239 5872 31060
5872 239 31060
3967 1950 9609
1950 3967 9609
2545 4390 14970
4390 2545 14970
9833 4850 18967
4850 9833 18967
4937 3704 22642
3704 4937 22642
971 2415 29062
2415 971 29062
5718 4180 12809
4180 5718 12809
7151 7819 381
7819 7151 381
9219 2140 31286
2140 9219 31286
9973 9293 13614
9293 9973 13614
46 462 26500
462 46 26500
10023 4909 13829
4909 10023 13829
2306 9614 920
9614 2306 920
9098 1475 31971
1475 9098 31971
784 1196 12466
1196 784 12466
978 7129 19990
7129 978 19990
6360 4332 22844
4332 6360 22844
2069 5971 12670
5971 2069 12670
5045 8583 8646
8583 5045 8646
8421 2180 13741
2180 8421 13741
7888 8542 28675
8542 7888 28675
2204 2158 26587
2158 2204 26587
3486 2252 14746
2252 3486 14746
8182 8993 1032
8993 8182 1032
771 10165 25582
10165 771 25582
5047 3798 18341
3798 5047 18341
9486 1763 6701
1763 9486 6701
10263 5087 22162
5087 10263 22162
5423 2435 28987
2435 5423 28987
2901 9909 5474
9909 2901 5474
7262 8335 2399
8335 7262 2399
5336 420 3345
420 5336 3345
509 6346 11194
6346 509 11194
