10106 12980 3973
3973 8636 19686
8636 3973 19686
3973 7583 5714
7583 3973 5714
8636 9781 21873
9781 8636 21873
9781 5831 22944
5831 9781 22944
5831 2290 3127
2290 5831 3127
5831 4147 312
4147 5831 312
7583 3292 23988
3292 7583 23988
3973 1664 30617
1664 3973 30617
5831 2060 3718
2060 5831 3718
5831 8510 6474
8510 5831 6474
2060 210 9339
210 2060 9339
2290 6397 1576
6397 2290 1576
210 9144 7219
9144 210 7219
4147 7679 21293
7679 4147 21293
2060 6396 7470
6396 2060 7470
1664 560 17306
560 1664 17306
8510 3973 13175
3973 8510 13175
1664 6502 26245
6502 1664 26245
560 2293 23906
2293 560 23906
6397 5914 29248
5914 6397 29248
5914 1283 8471
1283 5914 8471
6397 4829 2320
4829 6397 2320
4147 2161 12518
2161 4147 12518
210 7011 19244
7011 210 19244
8510 8430 13969
8430 8510 13969
7583 3726 18433
3726 7583 18433
7011 6454 32019
6454 7011 32019
9781 7876 5418
7876 9781 5418
7679 1194 11658
1194 7679 11658
7011 4179 7071
4179 7011 7071
6396 129 32596
129 6396 32596
6396 9127 7169
9127 6396 7169
3973 6649 25719
6649 3973 25719
6649 8318 4381
8318 6649 4381
1664 2451 13042
2451 1664 13042
6397 2408 1003
2408 6397 1003
6502 7697 24714
7697 6502 24714
2161 7562 9914
7562 2161 9914
5831 9614 27173
9614 5831 27173
2451 9076 13649
9076 2451 13649
6397 7210 16607
7210 6397 16607
1283 4452 13852
4452 1283 13852
6396 4509 26200
4509 6396 26200
6649 2775 23755
2775 6649 23755
6396 8938 3815
8938 6396 3815
8430 1156 2281
1156 8430 2281
9614 5399 31675
5399 9614 31675
2775 696 15190
696 2775 15190
7876 7225 6164
7225 7876 6164
7697 8721 29607
8721 7697 29607
696 2914 3087
2914 696 3087
3973 1765 17111
1765 3973 17111
4147 8810 15557
8810 4147 15557
2161 8253 4821
8253 2161 4821
1194 2427 25772
2427 1194 25772
2914 4489 15056
4489 2914 15056
4509 8176 24691
8176 4509 24691
2914 3526 1610
3526 2914 1610
3973 4688 19414
4688 3973 19414
9076 1687 26976
1687 9076 26976
2408 2505 26396
2505 2408 26396
1194 7389 18124
7389 1194 18124
2293 1517 18753
1517 2293 18753
2293 2589 31872
2589 2293 31872
9127 2315 27632
2315 9127 27632
8430 4407 29172
4407 8430 29172
1194 4096 30177
4096 1194 30177
560 8963 12156
8963 560 12156
4179 1328 7482
1328 4179 7482
1194 3717 10304
3717 1194 10304
7389 9468 24310
9468 7389 24310
9144 7060 26799
7060 9144 26799
1664 2213 27024
2213 1664 27024
560 6219 22905
6219 560 22905
1664 3336 18519
3336 1664 18519
1194 9231 19330
9231 1194 19330
1283 1434 27197
1434 1283 27197
7562 3413 6983
3413 7562 6983
6396 5518 23038
5518 6396 23038
2290 1217 31398
1217 2290 31398
210 4724 14062
4724 210 14062
7011 1081 26129
1081 7011 26129
1687 1345 1236
1345 1687 1236
9468 5651 1680
5651 9468 1680
3413 8875 3739
8875 3413 3739
7060 2281 21530
2281 7060 21530
7562 10066 10942
10066 7562 10942
2408 501 17461
501 2408 17461
5518 8820 440
8820 5518 440
3726 5628 16089
5628 3726 16089
7679 324 21991
324 7679 21991
210 7101 2054
7101 210 2054
3726 9176 2460
9176 3726 2460
3717 1122 22168
1122 3717 22168
1122 3899 2895
3899 1122 2895
3717 9339 302
9339 3717 302
2775 2756 14641
2756 2775 14641
8875 6611 4175
6611 8875 4175
1328 7333 1172
7333 1328 1172
501 4239 12555
4239 501 12555
4829 5781 29405
5781 4829 29405
6396 2532 1474
2532 6396 1474
6649 4791 23807
4791 6649 23807
8963 2625 15081
2625 8963 15081
8636 200 20399
200 8636 20399
6396 3997 9176
3997 6396 9176
6219 8887 32209
8887 6219 32209
129 802 2053
802 129 2053
5399 5170 9165
5170 5399 9165
1156 4146 17214
4146 1156 17214
4791 7788 21967
7788 4791 21967
3997 8679 31681
8679 3997 31681
2060 2823 19485
2823 2060 19485
1283 9778 1852
9778 1283 1852
4147 6162 10251
6162 4147 10251
8938 3375 13347
3375 8938 13347
3292 414 12594
414 3292 12594
9144 8829 7894
8829 9144 7894
6611 4464 32244
4464 6611 32244
560 8269 4755
8269 560 4755
4179 1747 11129
1747 4179 11129
7101 6168 17447
6168 7101 17447
5781 2376 2208
2376 5781 2208
5399 7593 2261
7593 5399 2261
3336 4905 13475
4905 3336 13475
4239 3452 5625
3452 4239 5625
1747 7041 32088
7041 1747 32088
4407 6162 26179
6162 4407 26179
1328 8962 4692
8962 1328 4692
4724 5888 10151
5888 4724 10151
8721 1172 14692
1172 8721 14692
6611 8964 8528
8964 6611 8528
9339 3985 26125
3985 9339 26125
3985 2392 25399
2392 3985 25399
5888 5091 14616
5091 5888 14616
6611 2960 22841
2960 6611 22841
8253 1127 20055
1127 8253 20055
7333 7833 6578
7833 7333 6578
8875 7089 11806
7089 8875 11806
9468 2167 3084
2167 9468 3084
4407 1772 1328
1772 4407 1328
8938 6627 24007
6627 8938 24007
8176 3053 16645
3053 8176 16645
1172 7463 15582
7463 1172 15582
6627 4806 10170
4806 6627 10170
4489 5534 1184
5534 4489 1184
8253 9471 18954
9471 8253 18954
7788 60 1608
60 7788 1608
2376 8230 4897
8230 2376 4897
200 7653 26882
7653 200 26882
7653 140 3366
140 7653 3366
2532 1387 21794
1387 2532 21794
6162 5587 716
5587 6162 716
6649 6441 19627
6441 6649 19627
1772 1245 17751
1245 1772 17751
6397 8408 18307
8408 6397 18307
60 9364 23496
9364 60 23496
5914 403 29671
403 5914 29671
4806 5727 2866
5727 4806 2866
1517 5249 27640
5249 1517 27640
3292 8745 20849
8745 3292 20849
3292 5394 22388
5394 3292 22388
3452 8684 25257
8684 3452 25257
6397 7759 23811
7759 6397 23811
7060 4740 20321
4740 7060 20321
3053 5157 2200
5157 3053 2200
6219 7540 31768
7540 6219 31768
4146 738 29910
738 4146 29910
738 4324 21661
4324 738 21661
7389 2308 9087
2308 7389 9087
1172 7821 29846
7821 1172 29846
4489 4345 5456
4345 4489 5456
4905 6083 11261
6083 4905 11261
9614 150 27609
150 9614 27609
3973 139 8570
139 3973 8570
4324 5101 16439
5101 4324 16439
2505 5675 11740
5675 2505 11740
6083 1588 28596
1588 6083 28596
3973 9877 13098
9877 3973 13098
8684 5147 31671
5147 8684 31671
7679 4 30464
4 7679 30464
1345 55 19606
55 1345 19606
1127 1725 15147
1725 1127 15147
1156 4162 16154
4162 1156 16154
9877 8030 16587
8030 9877 16587
9468 2179 29406
2179 9468 29406
2960 3628 24933
3628 2960 24933
7389 1347 25545
1347 7389 25545
7060 2556 18083
2556 7060 18083
6162 9647 859
9647 6162 859
6397 2309 21686
2309 6397 21686
5147 6718 22147
6718 5147 22147
9144 7057 25758
7057 9144 25758
5651 8241 9005
8241 5651 9005
4324 6455 17082
6455 4324 17082
4829 1810 1244
1810 4829 1244
9176 7492 23409
7492 9176 23409
5147 1156 25052
1156 5147 25052
5394 4019 25305
4019 5394 25305
200 4124 17143
4124 200 17143
2290 3602 26011
3602 2290 26011
4162 4720 3510
4720 4162 3510
2427 2043 24721
2043 2427 24721
7653 2367 9607
2367 7653 9607
2532 6143 2508
6143 2532 2508
2408 141 4717
141 2408 4717
4019 5337 12548
5337 4019 12548
7333 1959 3075
1959 7333 3075
150 7775 22171
7775 150 22171
414 8375 15856
8375 414 15856
1156 9725 8131
9725 1156 8131
5399 9423 22312
9423 5399 22312
141 4502 29544
4502 141 29544
4905 3363 1929
3363 4905 1929
5888 3966 7900
3966 5888 7900
3602 3414 1972
3414 3602 1972
4324 1349 12942
1349 4324 12942
1245 9282 13623
9282 1245 13623
3375 2510 9762
2510 3375 9762
4179 7638 16736
7638 4179 16736
2532 8116 4300
8116 2532 4300
2315 6700 31565
6700 2315 31565
1588 4563 11708
4563 1588 11708
1349 1071 28189
1071 1349 28189
2315 3327 19957
3327 2315 19957
4345 2178 29259
2178 4345 29259
4096 5136 4081
5136 4096 4081
6396 9480 32147
9480 6396 32147
403 2340 2774
2340 403 2774
9282 1951 32508
1951 9282 32508
6397 1939 24113
1939 6397 24113
9778 1255 31958
1255 9778 31958
8679 2255 6248
2255 8679 6248
403 4149 2256
4149 403 2256
9725 4975 30054
4975 9725 30054
1747 5684 618
5684 1747 618
8269 3300 25654
3300 8269 25654
9364 5598 6778
5598 9364 6778
7697 9845 23932
9845 7697 23932
2255 6236 10874
6236 2255 10874
7876 2416 11792
2416 7876 11792
4975 8417 18637
8417 4975 18637
8510 5303 16429
5303 8510 16429
2043 2787 8019
2787 2043 8019
55 716 29424
716 55 29424
9176 5615 31699
5615 9176 31699
1194 3972 786
3972 1194 786
4146 1456 27174
1456 4146 27174
9480 7515 14635
7515 9480 14635
6396 5318 30255
5318 6396 30255
501 9927 20710
9927 501 20710
3899 9644 2046
9644 3899 2046
1747 10010 10716
10010 1747 10716
5249 6076 14004
6076 5249 14004
9282 4871 7708
4871 9282 7708
1951 4411 32511
4411 1951 32511
8964 8920 9101
8920 8964 9101
5727 9819 4165
9819 5727 4165
9927 6558 29860
6558 9927 29860
139 7514 28640
7514 139 28640
8745 5249 12839
5249 8745 12839
8430 2369 5103
2369 8430 5103
5914 8627 4857
8627 5914 4857
2756 6172 24490
6172 2756 24490
4502 8161 6172
8161 4502 6172
3602 4629 10564
4629 3602 10564
6454 5262 10862
5262 6454 10862
4407 2647 13746
2647 4407 13746
9423 9461 21714
9461 9423 21714
6143 6128 28921
6128 6143 28921
7833 2323 18617
2323 7833 18617
1345 3963 10708
3963 1345 10708
6236 6010 21585
6010 6236 21585
1328 1641 19907
1641 1328 19907
3363 9198 14528
9198 3363 14528
7562 9771 7920
9771 7562 7920
7463 3918 13360
3918 7463 13360
738 5976 12141
5976 738 12141
60 6729 26275
6729 60 26275
2556 6297 9642
6297 2556 9642
5831 5002 18876
5002 5831 18876
5091 5785 31806
5785 5091 31806
9468 8893 4873
8893 9468 4873
6010 9358 9053
9358 6010 9053
7638 3066 21866
3066 7638 21866
2323 652 13449
652 2323 13449
8030 8388 25006
8388 8030 25006
5147 2704 22879
2704 5147 22879
4147 9467 3967
9467 4147 3967
4688 749 11412
749 4688 11412
6143 6499 3884
6499 6143 3884
55 4839 18555
4839 55 18555
2060 2625 31229
2625 2060 31229
2167 1016 30894
1016 2167 30894
8627 3759 23049
3759 8627 23049
8253 7988 11435
7988 8253 11435
1641 707 9167
707 1641 9167
2451 44 26507
44 2451 26507
5598 2945 27393
2945 5598 27393
5147 8584 3349
8584 5147 3349
8679 4826 18744
4826 8679 18744
4162 2775 9954
2775 4162 9954
3336 9629 18581
9629 3336 18581
5785 1560 7241
1560 5785 7241
8829 1272 32121
1272 8829 32121
7225 483 28233
483 7225 28233
1588 69 8659
69 1588 8659
7101 5936 25784
5936 7101 25784
5262 1962 18881
1962 5262 18881
6297 2186 19535
2186 6297 19535
4147 9481 31847
9481 4147 31847
9629 708 32118
708 9629 32118
1725 7186 27993
7186 1725 27993
3363 405 29147
405 3363 29147
8964 3923 4578
3923 8964 4578
7210 7575 17203
7575 7210 17203
5147 7980 11023
7980 5147 11023
9127 6988 6083
6988 9127 6083
8030 7935 26697
7935 8030 26697
6441 5371 20855
5371 6441 20855
4147 7735 20450
7735 4147 20450
2775 4838 23216
4838 2775 23216
3526 6926 29153
6926 3526 29153
5002 1838 14365
1838 5002 14365
6558 1838 24302
1838 6558 24302
5262 9773 10544
9773 5262 10544
3053 4903 16441
4903 3053 16441
1588 1203 10513
1203 1588 10513
1959 9497 3738
9497 1959 3738
7679 6583 8220
6583 7679 8220
5727 4565 5751
4565 5727 5751
9468 2408 6733
2408 9468 6733
2213 5262 769
5262 2213 769
6700 2507 28972
2507 6700 28972
6558 346 26342
346 6558 26342
2290 8693 6161
8693 2290 6161
3452 8271 29085
8271 3452 29085
560 4163 12248
4163 560 12248
2556 3498 1984
3498 2556 1984
2556 8829 17249
8829 2556 17249
4096 6425 6713
6425 4096 6713
9629 8015 8304
8015 9629 8304
1560 7243 11064
7243 1560 11064
6926 1024 14532
1024 6926 14532
5371 9059 16664
9059 5371 16664
3985 1518 25982
1518 3985 25982
4411 6032 26314
6032 4411 26314
6441 9408 23354
9408 6441 23354
5303 5780 5729
5780 5303 5729
9461 4698 10075
4698 9461 10075
6988 8800 21959
8800 6988 21959
8679 9461 16253
9461 8679 16253
1255 5875 14030
5875 1255 14030
8627 6275 4624
6275 8627 4624
7210 3749 8987
3749 7210 8987
4096 5659 13180
5659 4096 13180
7101 912 12692
912 7101 12692
5651 1424 17774
1424 5651 17774
6627 1977 1632
1977 6627 1632
2787 3466 7700
3466 2787 7700
4871 7773 16277
7773 4871 16277
4407 4863 4976
4863 4407 4976
8430 7846 40
7846 8430 40
4239 5323 13073
5323 4239 13073
7935 2283 6083
2283 7935 6083
1203 5660 10448
5660 1203 10448
2309 1465 24965
1465 2309 24965
5780 7343 14180
7343 5780 14180
1687 3885 3287
3885 1687 3287
6162 4503 31719
4503 6162 31719
1664 729 27357
729 1664 27357
9778 5093 20901
5093 9778 20901
9927 4224 24627
4224 9927 24627
5157 589 7625
589 5157 7625
4975 148 3564
148 4975 3564
5875 1098 8906
1098 5875 8906
4826 7747 30227
7747 4826 30227
2704 6101 18848
6101 2704 18848
8627 7313 7961
7313 8627 7961
5147 4072 9001
4072 5147 9001
5323 911 22266
911 5323 22266
7821 7490 20041
7490 7821 20041
4096 8840 510
8840 4096 510
6396 9753 32683
9753 6396 32683
1664 8168 10843
8168 1664 10843
4740 6658 11820
6658 4740 11820
8829 6727 7473
6727 8829 7473
9423 4797 29522
4797 9423 29522
2787 8423 5767
8423 2787 5767
4162 311 4448
311 4162 4448
8721 7780 8535
7780 8721 8535
3066 5047 22765
5047 3066 22765
2914 6132 12758
6132 2914 12758
9497 8224 26111
8224 9497 26111
9647 6908 28523
6908 9647 28523
5675 9776 28953
9776 5675 28953
7210 8367 28953
8367 7210 28953
405 8694 19141
8694 405 19141
652 9570 10826
9570 652 10826
8176 190 6266
190 8176 6266
1024 6938 16190
6938 1024 16190
8820 5527 8175
5527 8820 8175
4179 7373 16259
7373 4179 16259
1156 389 27194
389 1156 27194
4509 3243 10820
3243 4509 10820
8962 5832 23122
5832 8962 23122
8168 800 29532
800 8168 29532
3726 173 2754
173 3726 2754
6558 2203 20833
2203 6558 20833
8840 5878 29881
5878 8840 29881
4345 8808 15399
8808 4345 15399
9877 5006 5815
5006 9877 5815
8168 6232 114
6232 8168 114
9819 7132 7044
7132 9819 7044
7101 920 30919
920 7101 30919
2775 4272 29240
4272 2775 29240
4019 511 9378
511 4019 9378
8367 9988 28286
9988 8367 28286
4806 1797 20092
1797 4806 20092
5781 4620 29781
4620 5781 29781
9339 1244 1629
1244 9339 1629
5780 8828 29949
8828 5780 29949
2323 2258 14838
2258 2323 14838
5093 9262 10962
9262 5093 10962
9771 4747 29815
4747 9771 29815
8176 1781 8256
1781 8176 8256
2775 2061 8089
2061 2775 8089
7735 7323 12828
7323 7735 12828
1127 8883 19608
8883 1127 19608
7389 1437 30724
1437 7389 30724
405 3707 26381
3707 405 26381
8962 5407 23947
5407 8962 23947
1245 720 3307
720 1245 3307
5936 799 19815
799 5936 19815
1939 2357 28169
2357 1939 28169
8745 9898 11226
9898 8745 11226
2179 4466 23302
4466 2179 23302
2179 2918 4098
2918 2179 4098
173 7018 24160
7018 173 24160
1772 5635 17379
5635 1772 17379
346 3622 11291
3622 346 11291
8408 2325 8513
2325 8408 8513
8721 2746 13132
2746 8721 13132
1838 2096 30110
2096 1838 30110
3413 9939 31327
9939 3413 31327
9778 1618 16900
1618 9778 16900
2315 8448 31225
8448 2315 31225
3985 6229 31580
6229 3985 31580
8745 8605 13242
8605 8745 13242
7775 2147 30331
2147 7775 30331
7463 8957 6484
8957 7463 6484
3243 4708 30527
4708 3243 30527
920 4470 19888
4470 920 19888
5394 2835 31806
2835 5394 31806
3963 8451 11541
8451 3963 11541
1272 2149 26876
2149 1272 26876
9773 416 10895
416 9773 10895
2167 920 11947
920 2167 11947
403 5317 16394
5317 403 16394
4502 6392 6100
6392 4502 6100
6425 7411 15322
7411 6425 15322
140 2609 30084
2609 140 30084
8636 8464 29094
8464 8636 29094
9461 6438 11472
6438 9461 11472
9819 667 3572
667 9819 3572
9468 1597 6600
1597 9468 6600
4565 6326 21193
6326 4565 21193
1024 2283 31035
2283 1024 31035
3885 1976 10512
1976 3885 10512
1518 9713 7377
9713 1518 7377
7515 6427 1488
6427 7515 1488
9988 4839 9573
4839 9988 9573
414 4814 29528
4814 414 29528
7225 4220 28078
4220 7225 28078
2367 407 28127
407 2367 28127
4829 6999 17301
6999 4829 17301
729 3434 91
3434 729 91
1347 76 6338
76 1347 6338
4720 4213 31086
4213 4720 31086
2647 4213 846
4213 2647 846
1349 7304 31164
7304 1349 31164
8820 1740 19870
1740 8820 19870
9198 4174 21521
4174 9198 21521
9127 990 198
990 9127 198
389 1387 3352
1387 389 3352
3053 2087 22298
2087 3053 22298
9570 6440 2956
6440 9570 2956
8963 3004 27812
3004 8963 27812
4239 2173 2871
2173 4239 2871
9467 2911 25017
2911 9467 25017
2161 7016 29718
7016 2161 29718
3628 6863 2040
6863 3628 2040
1016 937 9334
937 1016 9334
6232 4086 11326
4086 6232 11326
1747 568 22508
568 1747 22508
4829 1917 12415
1917 4829 12415
2147 3830 28275
3830 2147 28275
8168 1084 32394
1084 8168 32394
5831 1097 15897
1097 5831 15897
1081 5952 30999
5952 1081 30999
7411 721 7930
721 7411 7930
1977 9889 696
9889 1977 696
3622 1879 21636
1879 3622 21636
799 3391 2688
3391 799 2688
8800 5623 10288
5623 8800 10288
2290 7737 23675
7737 2290 23675
4747 4262 18746
4262 4747 18746
4698 472 18516
472 4698 18516
8161 9192 8701
9192 8161 8701
3759 7449 6838
7449 3759 6838
9927 4099 7932
4099 9927 7932
1687 4756 30280
4756 1687 30280
6032 3608 11454
3608 6032 11454
1081 9561 24412
9561 1081 24412
4072 5129 18699
5129 4072 18699
5317 9029 22948
9029 5317 22948
8161 6045 14635
6045 8161 14635
4407 7151 22922
7151 4407 22922
5249 1635 6706
1635 5249 6706
2609 988 4864
988 2609 4864
8721 8328 24966
8328 8721 24966
3749 2526 28130
2526 3749 28130
10066 9200 21269
9200 10066 21269
6168 2831 11328
2831 6168 11328
7210 2208 16388
2208 7210 16388
589 6424 10538
6424 589 10538
4072 2291 23480
2291 4072 23480
6558 3824 5841
3824 6558 5841
4826 6946 28288
6946 4826 28288
6441 9828 22820
9828 6441 22820
8015 4998 29778
4998 8015 29778
6454 3098 5669
3098 6454 5669
5399 8851 7005
8851 5399 7005
6627 8354 26543
8354 6627 26543
707 4103 26963
4103 707 26963
7089 2181 21100
2181 7089 21100
9480 8027 24507
8027 9480 24507
1172 5940 21534
5940 1172 21534
5888 612 5811
612 5888 5811
3498 2498 3987
2498 3498 3987
6396 10023 17118
10023 6396 17118
1345 4592 26327
4592 1345 26327
4829 1243 18044
1243 4829 18044
8584 2321 17537
2321 8584 17537
2911 3894 5850
3894 2911 5850
3391 8289 31536
8289 3391 31536
6162 8134 13978
8134 6162 13978
6938 2763 3728
2763 6938 3728
3885 485 6787
485 3885 6787
1437 1859 31621
1859 1437 31621
1328 9777 20961
9777 1328 20961
2835 1060 15690
1060 2835 15690
2556 9215 3220
9215 2556 3220
4470 9189 27549
9189 4470 27549
7060 9995 26718
9995 7060 26718
7373 7708 29284
7708 7373 29284
9282 9417 7197
9417 9282 7197
9417 5998 7487
5998 9417 7487
3707 7951 29410
7951 3707 29410
9408 4111 4607
4111 9408 4607
3824 6129 25137
6129 3824 25137
4086 5584 27407
5584 4086 27407
2149 7331 11724
7331 2149 11724
6729 7794 32541
7794 6729 32541
4345 4957 20688
4957 4345 20688
4563 935 5549
935 4563 5549
7540 8428 5910
8428 7540 5910
8693 2582 24673
2582 8693 24673
5936 8175 17170
8175 5936 17170
5587 7157 7951
7157 5587 7951
5262 2167 7075
2167 5262 7075
8820 4610 26890
4610 8820 26890
8693 2045 6805
2045 8693 6805
5888 6155 16414
6155 5888 16414
3923 6762 32710
6762 3923 32710
721 9317 25137
9317 721 25137
721 6570 5672
6570 721 5672
4903 5664 21648
5664 4903 21648
1097 688 20245
688 1097 20245
1437 6078 28738
6078 1437 28738
6729 271 19895
271 6729 19895
6440 4138 22788
4138 6440 22788
6076 1191 24431
1191 6076 24431
4708 3463 20664
3463 4708 20664
8388 7104 32633
7104 8388 32633
8745 1958 22371
1958 8745 22371
4724 1473 13131
1473 4724 13131
1772 8600 3100
8600 1772 3100
2186 8956 6744
8956 2186 6744
5518 2960 23925
2960 5518 23925
4905 2287 18242
2287 4905 18242
1958 5325 22592
5325 1958 22592
4213 9427 12704
9427 4213 12704
3391 971 22978
971 3391 22978
8627 1447 5855
1447 8627 5855
4563 453 9911
453 4563 9911
3973 1153 17900
1153 3973 17900
190 1936 31403
1936 190 31403
5952 7954 25765
7954 5952 25765
7679 8605 7063
8605 7679 7063
9176 4352 3916
4352 9176 3916
4826 6500 27592
6500 4826 27592
6427 7920 4449
7920 6427 4449
9753 2349 26737
2349 9753 26737
4975 7247 13498
7247 4975 13498
3526 5147 3459
5147 3526 3459
3899 3820 3762
3820 3899 3762
2775 3115 18320
3115 2775 18320
8230 9418 7358
9418 8230 7358
8828 1726 756
1726 8828 756
141 4654 14549
4654 141 14549
3413 3997 4978
3997 3413 4978
1243 6411 17248
6411 1243 17248
5832 9972 12799
9972 5832 12799
76 9207 9141
9207 76 9141
2756 1271 13956
1271 2756 13956
2556 1195 16718
1195 2556 16718
2096 10068 4524
10068 2096 4524
8027 2108 10034
2108 8027 10034
6162 2137 28449
2137 6162 28449
5785 529 28749
529 5785 28749
6010 5840 25285
5840 6010 25285
1959 10068 14000
10068 1959 14000
2283 2843 9163
2843 2283 9163
6908 6809 22757
6809 6908 22757
2787 8557 11958
8557 2787 11958
5147 2199 20451
2199 5147 20451
6424 1024 17323
1024 6424 17323
2167 202 21831
202 2167 21831
5584 1883 10400
1883 5584 10400
1456 3352 3288
3352 1456 3288
4903 7288 28486
7288 4903 28486
4698 4326 5505
4326 4698 5505
9561 4240 19646
4240 9561 19646
1473 8051 9543
8051 1473 9543
8027 780 25985
780 8027 25985
9889 599 28901
599 9889 28901
10068 5708 23037
5708 10068 23037
6101 6120 27415
6120 6101 27415
568 9656 28887
9656 568 28887
1283 9601 12470
9601 1283 12470
7980 6263 469
6263 7980 469
6729 8 3634
8 6729 3634
6128 3314 20696
3314 6128 20696
8271 8112 16405
8112 8271 16405
1879 3813 27245
3813 1879 27245
4620 1836 13195
1836 4620 13195
1024 7951 23524
7951 1024 23524
9192 169 27946
169 9192 27946
7583 6967 24303
6967 7583 24303
2309 1652 11116
1652 2309 11116
8963 1510 21801
1510 8963 21801
1747 7258 10133
7258 1747 10133
7638 6732 18983
6732 7638 18983
407 8510 21251
8510 407 21251
8557 9988 13018
9988 8557 13018
5371 5387 26646
5387 5371 26646
6236 2586 22370
2586 6236 22370
529 316 27951
316 529 27951
2173 8352 20657
8352 2173 20657
8963 420 11643
420 8963 11643
5875 7022 21893
7022 5875 21893
9570 8066 32391
8066 9570 32391
4503 1165 19110
1165 4503 19110
2255 2687 15050
2687 2255 15050
2137 5191 14444
5191 2137 14444
707 1689 30891
1689 707 30891
7935 1320 31728
1320 7935 31728
6455 394 687
394 6455 687
780 5346 21636
5346 780 21636
8289 4615 16591
4615 8289 16591
1917 9737 24124
9737 1917 24124
4797 6415 27688
6415 4797 27688
3300 1151 12459
1151 3300 12459
652 1093 23940
1093 652 23940
1434 2582 17708
2582 1434 17708
7788 2996 23662
2996 7788 23662
9076 9111 2631
9111 9076 2631
6809 10091 22472
10091 6809 22472
9192 7448 12818
7448 9192 12818
708 2285 12837
2285 708 12837
4103 1276 26532
1276 4103 26532
2281 6159 6992
6159 2281 6992
3363 1570 15341
1570 3363 15341
5998 41 7623
41 5998 7623
9629 6108 21651
6108 9629 21651
9828 5061 25109
5061 9828 25109
2167 5352 18340
5352 2167 18340
7449 3991 845
3991 7449 845
3602 125 9535
125 3602 9535
6583 3434 30492
3434 6583 30492
3759 7838 3201
7838 3759 3201
4147 8531 20767
8531 4147 20767
4103 2271 23377
2271 4103 23377
5727 2691 23689
2691 5727 23689
1243 3059 8431
3059 1243 8431
55 1059 30782
1059 55 30782
1097 6466 2375
6466 1097 2375
8851 7015 8422
7015 8851 8422
9629 4498 2935
4498 9629 2935
6392 8228 29103
8228 6392 29103
7448 2593 20497
2593 7448 20497
6162 585 28592
585 6162 28592
1781 9757 5112
9757 1781 5112
6658 3433 32042
3433 6658 32042
7389 676 21229
676 7389 21229
6946 879 10531
879 6946 10531
7951 6815 20774
6815 7951 20774
3899 1687 1283
1687 3899 1283
8375 4710 15748
4710 8375 15748
4826 9773 3398
9773 4826 3398
7876 1343 11845
1343 7876 11845
5659 10082 21336
10082 5659 21336
2498 8918 14404
8918 2498 14404
9570 310 17976
310 9570 17976
4352 3622 25894
3622 4352 25894
8161 8411 1147
8411 8161 1147
1838 8216 26367
8216 1838 26367
9076 4634 23996
4634 9076 23996
4262 476 10336
476 4262 10336
3352 3588 25250
3588 3352 25250
5129 2881 19909
2881 5129 19909
8883 2417 27138
2417 8883 27138
1347 4203 31187
4203 1347 31187
3433 6600 5836
6600 3433 5836
1879 6031 14333
6031 1879 14333
8627 804 32184
804 8627 32184
10066 3618 26970
3618 10066 26970
1959 5649 23286
5649 1959 23286
6275 10030 32202
10030 6275 32202
8112 3079 10064
3079 8112 10064
7920 2602 14287
2602 7920 14287
5249 3481 6526
3481 5249 6526
1243 4662 17308
4662 1243 17308
2532 7780 2963
7780 2532 2963
389 8945 6724
8945 389 6724
7794 3915 9686
3915 7794 9686
9819 6524 4116
6524 9819 4116
4592 6189 26470
6189 4592 26470
1641 2683 6526
2683 1641 6526
6411 8218 31341
8218 6411 31341
202 6003 21533
6003 202 21533
6908 1710 1243
1710 6908 1243
4720 2119 18869
2119 4720 18869
2427 364 10202
364 2427 10202
6120 135 16711
135 6120 16711
2835 8054 28538
8054 2835 28538
5649 8393 22154
8393 5649 22154
1194 7229 24906
7229 1194 24906
7954 570 2662
570 7954 2662
2526 9911 29649
9911 2526 29649
3759 2491 8008
2491 3759 8008
1597 4522 21035
4522 1597 21035
8224 9760 27243
9760 8224 27243
8 2281 13881
2281 8 13881
7343 3730 24415
3730 7343 24415
4698 7765 10521
7765 4698 10521
6570 5265 3457
5265 6570 3457
6263 8551 27882
8551 6263 27882
2060 4083 7965
4083 2060 7965
9911 4283 1032
4283 9911 1032
9911 4935 14443
4935 9911 14443
5337 8198 2369
8198 5337 2369
707 2035 26798
2035 707 26798
9778 6716 10675
6716 9778 10675
7373 9681 18972
9681 7373 18972
5534 2503 23632
2503 5534 23632
5157 9470 32086
9470 5157 32086
2589 2839 15427
2839 2589 15427
389 2262 29591
2262 389 29591
3972 20 678
20 3972 678
6499 1073 1772
1073 6499 1772
2763 1959 20803
1959 2763 20803
2376 1536 16905
1536 2376 16905
5635 2262 9056
2262 5635 9056
5157 4678 410
4678 5157 410
1127 7498 6851
7498 1127 6851
7951 555 22308
555 7951 22308
8584 1649 20080
1649 8584 20080
4903 2853 22994
2853 4903 22994
4634 2123 3531
2123 4634 3531
1156 9373 27582
9373 1156 27582
7735 824 1579
824 7735 1579
8015 6152 31379
6152 8015 31379
8605 6515 12802
6515 8605 12802
6600 6755 30889
6755 6600 30889
3966 1982 16409
1982 3966 16409
4411 6911 18397
6911 4411 18397
6083 5708 1694
5708 6083 1694
1473 5419 8660
5419 1473 8660
7833 4121 26872
4121 7833 26872
2208 5879 16754
5879 2208 16754
5785 9579 10382
9579 5785 10382
9988 7751 16290
7751 9988 16290
7343 1555 14353
1555 7343 14353
5249 3412 18894
3412 5249 18894
5191 6483 9702
6483 5191 9702
420 6699 8842
6699 420 8842
2960 1088 23998
1088 2960 23998
8820 3882 19815
3882 8820 19815
9713 2220 10890
2220 9713 10890
2119 6628 27887
6628 2119 27887
200 9540 22843
9540 200 22843
4509 2188 17961
2188 4509 17961
7876 1009 29214
1009 7876 29214
3972 8750 8001
8750 3972 8001
3463 2286 429
2286 3463 429
5675 1959 22316
1959 5675 22316
4724 4596 11052
4596 4724 11052
7951 10031 12884
10031 7951 12884
2281 2729 3696
2729 2281 3696
2087 8608 31927
8608 2087 31927
7492 2233 14230
2233 7492 14230
8828 6729 23551
6729 8828 23551
2043 7753 10916
7753 2043 10916
9988 6704 3193
6704 9988 3193
9644 1316 30270
1316 9644 30270
55 2474 23032
2474 55 23032
5998 9122 24569
9122 5998 24569
6162 791 518
791 6162 518
2582 7422 500
7422 2582 500
749 404 24303
404 749 24303
5387 1448 25786
1448 5387 25786
7759 811 21391
811 7759 21391
6583 768 4511
768 6583 4511
1959 7129 32232
7129 1959 32232
599 9256 6423
9256 599 6423
2173 1250 19173
1250 2173 19173
8134 9544 26031
9544 8134 26031
7225 8451 12253
8451 7225 12253
2255 181 16311
181 2255 16311
4620 5124 7856
5124 4620 7856
404 8656 28354
8656 404 28354
9601 2788 20372
2788 9601 20372
688 5326 15741
5326 688 15741
8448 5030 18411
5030 8448 18411
696 3708 6548
3708 696 6548
2503 479 10172
479 2503 10172
4163 513 27801
513 4163 27801
2586 4846 20387
4846 2586 20387
9282 7324 27692
7324 9282 27692
6396 806 28494
806 6396 28494
3481 3900 20178
3900 3481 20178
5527 3501 4336
3501 5527 4336
1588 2143 24644
2143 1588 24644
3066 678 20514
678 3066 20514
1765 5865 11026
5865 1765 11026
1151 9679 11058
9679 1151 11058
8175 2716 9976
2716 8175 9976
5419 7621 21456
7621 5419 21456
7411 7480 25138
7480 7411 25138
5170 1539 8336
1539 5170 8336
3759 446 16818
446 3759 16818
7775 5368 21193
5368 7775 21193
2096 4275 1799
4275 2096 1799
5262 1386 23726
1386 5262 23726
6108 9437 7252
9437 6108 7252
4503 3922 16821
3922 4503 16821
2233 8170 1452
8170 2233 1452
3053 2040 8109
2040 3053 8109
3452 754 5287
754 3452 5287
4466 8481 30990
8481 4466 30990
7089 8902 26129
8902 7089 26129
1243 1517 2408
1517 1243 2408
5518 7911 6915
7911 5518 6915
720 9078 21245
9078 720 21245
1088 2122 30148
2122 1088 30148
7833 2813 16619
2813 7833 16619
2556 1798 22591
1798 2556 22591
9200 3868 15220
3868 9200 15220
7011 795 25854
795 7011 25854
8920 4500 29751
4500 8920 29751
310 2861 1243
2861 310 1243
414 202 3723
202 414 3723
1243 9165 8944
9165 1243 8944
7011 7358 11316
7358 7011 11316
7492 2092 23915
2092 7492 23915
8684 590 24863
590 8684 24863
795 3010 1358
3010 795 1358
3707 3640 12535
3640 3707 12535
169 8877 24647
8877 169 24647
2357 84 4008
84 2357 4008
4272 7547 1820
7547 4272 1820
8887 9732 31284
9732 8887 31284
4662 637 16496
637 4662 16496
4710 8615 12123
8615 4710 12123
3079 1251 10936
1251 3079 10936
5325 7735 26629
7735 5325 26629
1245 6224 14788
6224 1245 14788
4203 9044 15744
9044 4203 15744
1127 4324 19240
4324 1127 19240
6076 3726 16349
3726 6076 16349
1386 8601 12901
8601 1386 12901
2392 4116 10517
4116 2392 10517
3352 1064 26789
1064 3352 26789
5136 1774 10694
1774 5136 10694
9078 2888 21861
2888 9078 21861
4086 3056 4770
3056 4086 4770
2321 3409 15463
3409 2321 15463
7323 5624 10722
5624 7323 10722
7313 2786 4791
2786 7313 4791
1936 3903 24158
3903 1936 24158
9753 4449 8114
4449 9753 8114
7490 5125 21024
5125 7490 21024
4826 8081 12370
8081 4826 12370
2199 7622 29827
7622 2199 29827
1687 8814 4640
8814 1687 4640
2451 1140 10301
1140 2451 10301
2756 627 22694
627 2756 22694
5518 9203 19437
9203 5518 19437
5888 9709 27440
9709 5888 27440
2287 7651 31742
7651 2287 31742
1073 7233 21059
7233 1073 21059
9122 2721 6905
2721 9122 6905
7089 5792 783
5792 7089 783
4846 2091 10667
2091 4846 10667
501 1943 19654
1943 501 19654
2417 7129 19100
7129 2417 19100
9753 1459 24230
1459 9753 24230
590 2717 1230
2717 590 1230
8375 1565 28423
1565 8375 28423
9111 284 1986
284 9111 1986
8600 9938 10979
9938 8600 10979
324 5810 26412
5810 324 26412
5684 4139 4737
4139 5684 4737
1165 5957 3817
5957 1165 3817
1387 1231 4939
1231 1387 4939
9468 4992 8196
4992 9468 8196
1765 5976 22529
5976 1765 22529
5136 7556 3580
7556 5136 3580
4345 1402 16320
1402 4345 16320
2369 2447 16263
2447 2369 16263
9358 9728 402
9728 9358 402
7225 1910 14452
1910 7225 14452
9417 2904 1422
2904 9417 1422
1958 6206 31382
6206 1958 31382
3375 6774 15783
6774 3375 15783
4466 4354 27053
4354 4466 27053
9988 4535 6076
4535 9988 6076
8551 5650 8898
5650 8551 8898
6583 9606 20362
9606 6583 20362
5879 10067 29061
10067 5879 29061
9938 6383 17040
6383 9938 17040
472 5741 28288
5741 472 28288
9076 10014 16644
10014 9076 16644
8800 368 26427
368 8800 26427
2507 5183 32355
5183 2507 32355
4239 4975 3500
4975 4239 3500
3991 4276 2381
4276 3991 2381
346 6574 7813
6574 346 7813
9203 6237 26023
6237 9203 26023
8481 2446 17984
2446 8481 17984
4224 71 21814
71 4224 21814
5419 5608 6898
5608 5419 6898
2181 3612 23093
3612 2181 23093
2208 2009 5460
2009 2208 5460
6128 9711 23700
9711 6128 23700
6500 3271 7554
3271 6500 7554
8962 6014 26075
6014 8962 26075
1797 648 4185
648 1797 4185
6483 1379 28910
1379 6483 28910
1570 7390 10371
7390 1570 10371
1565 9821 8741
9821 1565 8741
729 4037 657
4037 729 657
1009 1323 12650
1323 1009 12650
2582 2686 5550
2686 2582 5550
1195 7717 13162
7717 1195 13162
2167 62 722
62 2167 722
9711 2014 4085
2014 9711 4085
8464 9612 6785
9612 8464 6785
4596 9415 8986
9415 4596 8986
7638 7725 32123
7725 7638 32123
5879 8875 5041
8875 5879 5041
2321 312 22239
312 2321 22239
2108 6137 9542
6137 2108 9542
6108 7844 28341
7844 6108 28341
5810 8616 1187
8616 5810 1187
6809 8131 18917
8131 6809 18917
8375 5081 5488
5081 8375 5488
5352 981 18670
981 5352 18670
420 344 27804
344 420 27804
7708 5982 18702
5982 7708 18702
3997 2141 13971
2141 3997 13971
560 3311 17299
3311 560 17299
2746 3586 6504
3586 2746 6504
5952 2404 21897
2404 5952 21897
7951 7807 629
7807 7951 629
7323 5357 3596
5357 7323 3596
9207 335 3125
335 9207 3125
9679 3805 27609
3805 9679 27609
1343 4892 5164
4892 1343 5164
9988 8721 8957
8721 9988 8957
9773 2997 581
2997 9773 581
271 7229 10670
7229 271 10670
3314 805 31215
805 3314 31215
805 7705 14266
7705 805 14266
9078 4803 726
4803 9078 726
513 9602 26115
9602 513 26115
2060 2794 31262
2794 2060 31262
2786 2160 1034
2160 2786 1034
9972 6664 7761
6664 9972 7761
8510 1832 6009
1832 8510 6009
1323 163 6035
163 1323 6035
8840 8626 24096
8626 8840 24096
7717 9048 19122
9048 7717 19122
3899 8410 9457
8410 3899 9457
2918 9737 24873
9737 2918 24873
9927 3863 26326
3863 9927 26326
5265 9124 2359
9124 5265 2359
1958 7689 31855
7689 1958 31855
4489 8586 22669
8586 4489 22669
5183 9789 16939
9789 5183 16939
2404 1369 16716
1369 2404 16716
2498 203 3118
203 2498 3118
3498 750 31812
750 3498 31812
6411 1884 6143
1884 6411 6143
8410 5676 31925
5676 8410 31925
8051 8130 31231
8130 8051 31231
3466 6156 16637
6156 3466 16637
6600 7789 22796
7789 6600 22796
5346 2314 28924
2314 5346 28924
1883 3777 13542
3777 1883 13542
4710 4716 1560
4716 4710 1560
4839 6803 1064
6803 4839 1064
4935 3896 541
3896 4935 541
4829 6487 15606
6487 4829 15606
3588 3519 20853
3519 3588 20853
7313 4970 26553
4970 7313 26553
7789 2828 10863
2828 7789 10863
3375 6844 15724
6844 3375 15724
7015 5033 24193
5033 7015 24193
7547 589 7031
589 7547 7031
6700 2649 29653
2649 6700 29653
8893 7176 21770
7176 8893 21770
2914 2555 19582
2555 2914 19582
2281 1066 11881
1066 2281 11881
9364 6488 28197
6488 9364 28197
1797 5977 10422
5977 1797 10422
6570 7761 30738
7761 6570 30738
8956 4403 17689
4403 8956 17689
3985 9347 20184
9347 3985 20184
1597 882 7250
882 1597 7250
5865 7538 19475
7538 5865 19475
364 2108 9242
2108 364 9242
2286 4326 9715
4326 2286 9715
446 3180 19933
3180 446 19933
612 6515 5521
6515 612 5521
7331 8089 25276
8089 7331 25276
5810 9391 21557
9391 5810 21557
9760 7122 11979
7122 9760 11979
6774 3798 10019
3798 6774 10019
4935 8004 16908
8004 4935 16908
2186 4736 11905
4736 2186 11905
3409 426 22432
426 3409 22432
5879 7654 22389
7654 5879 22389
3922 8191 25618
8191 3922 25618
5598 1726 31374
1726 5598 31374
3463 1777 29139
1777 3463 29139
4756 341 10001
341 4756 10001
6755 1469 24389
1469 6755 24389
8820 8829 12492
8829 8820 12492
824 4731 21473
4731 824 21473
4747 925 6509
925 4747 6509
1456 9037 27218
9037 1456 27218
5265 9245 12184
9245 5265 12184
453 6128 11183
6128 453 11183
6003 3542 3381
3542 6003 3381
5587 2288 7182
2288 5587 7182
2756 3217 19363
3217 2756 19363
9124 3322 21284
3322 9124 21284
5407 1111 8154
1111 5407 8154
2831 5244 31672
5244 2831 31672
7775 9227 27039
9227 7775 27039
1635 4511 11014
4511 1635 11014
8656 5173 26714
5173 8656 26714
5183 3494 23923
3494 5183 23923
8608 1433 3371
1433 8608 3371
3363 4153 6165
4153 3363 6165
10068 8487 5457
8487 10068 5457
6411 4159 18178
4159 6411 18178
5840 9808 2305
9808 5840 2305
9808 8780 32357
8780 9808 32357
4 4712 14912
4712 4 14912
9602 8713 22724
8713 9602 22724
5708 9997 15453
9997 5708 15453
9165 2122 22272
2122 9165 22272
2123 5686 22556
5686 2123 22556
9207 6460 30451
6460 9207 30451
1098 3620 2480
3620 1098 2480
3322 2220 15292
2220 3322 15292
7358 7710 27929
7710 7358 27929
1510 9603 12056
9603 1510 12056
4747 6980 29317
6980 4747 29317
4563 7257 1369
7257 4563 1369
6938 2601 6072
2601 6938 6072
2091 3705 5585
3705 2091 5585
1328 2232 1203
2232 1328 1203
6189 4236 22493
4236 6189 22493
8745 3921 6414
3921 8745 6414
9423 3226 6343
3226 9423 6343
5262 9665 1219
9665 5262 1219
2649 9325 14644
9325 2649 14644
6108 8363 16982
8363 6108 16982
141 5103 233
5103 141 233
920 8084 419
8084 920 419
8269 2255 3586
2255 8269 3586
6454 1118 6586
1118 6454 6586
3882 3091 8429
3091 3882 8429
1797 1282 15756
1282 1797 15756
6396 1351 6347
1351 6396 6347
3180 8494 16989
8494 3180 16989
9262 5589 27657
5589 9262 27657
1976 1384 6192
1384 1976 6192
2349 2245 22342
2245 2349 22342
5684 6514 29611
6514 5684 29611
7490 4385 28909
4385 7490 28909
3311 1040 26152
1040 3311 26152
1518 497 23038
497 1518 23038
1536 3566 3044
3566 1536 3044
8112 5471 29955
5471 8112 29955
3519 1085 24988
1085 3519 24988
2181 4024 29225
4024 2181 29225
8586 787 2534
787 8586 2534
6129 461 11241
461 6129 11241
9471 7017 8243
7017 9471 8243
1517 1678 20940
1678 1517 20940
5103 6792 31291
6792 5103 31291
4736 4158 18222
4158 4736 18222
1588 4848 14908
4848 1588 14908
5982 6694 31247
6694 5982 31247
4592 3332 9058
3332 4592 9058
5006 9235 23116
9235 5006 23116
3985 9153 3869
9153 3985 3869
6600 3576 5085
3576 6600 5085
190 2687 32097
2687 190 32097
2505 736 20198
736 2505 20198
2357 4615 21244
4615 2357 21244
8627 7754 3775
7754 8627 3775
9153 6399 16522
6399 9153 16522
8608 2010 25922
2010 8608 25922
529 53 20908
53 529 20908
696 9033 8698
9033 696 8698
7515 6135 6029
6135 7515 6029
141 3245 32009
3245 141 32009
2208 615 4826
615 2208 4826
69 3863 3046
3863 69 3046
920 762 16574
762 920 16574
173 1157 8765
1157 173 8765
1424 4437 19320
4437 1424 19320
716 1069 11153
1069 716 11153
9725 1060 10919
1060 9725 10919
8887 7125 6778
7125 8887 6778
6132 2767 18537
2767 6132 18537
1838 5497 20627
5497 1838 20627
6108 1350 22480
1350 6108 22480
4511 10083 28272
10083 4511 28272
2532 9631 15980
9631 2532 15980
8051 1386 23859
1386 8051 23859
7390 344 5582
344 7390 5582
3708 2579 11168
2579 3708 11168
937 9390 11085
9390 937 11085
9845 8543 5819
8543 9845 5819
7761 257 21385
257 7761 21385
1384 4570 23125
4570 1384 23125
4992 3212 13386
3212 4992 13386
4829 7109 16408
7109 4829 16408
4099 2795 8913
2795 4099 8913
3588 4088 25574
4088 3588 25574
2582 9760 11715
9760 2582 11715
4756 1836 23221
1836 4756 23221
8241 566 12580
566 8241 12580
800 7828 25897
7828 800 25897
1084 5093 14373
5093 1084 14373
4502 2055 10648
2055 4502 10648
2960 5821 17336
5821 2960 17336
2918 733 10554
733 2918 10554
6237 1019 7704
1019 6237 7704
6411 9723 21180
9723 6411 21180
721 2969 719
2969 721 719
2141 1825 18541
1825 2141 18541
8601 9541 24551
9541 8601 24551
2839 10074 15025
10074 2839 15025
202 3058 8251
3058 202 8251
6946 8603 10128
8603 6946 10128
3717 9034 6191
9034 3717 6191
6101 2445 30322
2445 6101 30322
1810 2152 9519
2152 1810 9519
2474 120 21349
120 2474 21349
2451 960 9675
960 2451 9675
1710 5791 28550
5791 1710 28550
3498 5542 29512
5542 3498 29512
4654 6646 29791
6646 4654 29791
316 186 18174
186 316 18174
414 6917 5721
6917 414 5721
7089 7027 17627
7027 7089 17627
8004 2912 22171
2912 8004 22171
6155 6994 4577
6994 6155 4577
5542 1562 16092
1562 5542 16092
8918 7405 14464
7405 8918 14464
1917 7685 16928
7685 1917 16928
9938 8415 30223
8415 9938 30223
8417 2640 859
2640 8417 859
446 4886 13278
4886 446 13278
202 9771 8026
9771 202 8026
7463 1540 13199
1540 7463 13199
4863 6831 18845
6831 4863 18845
9059 2078 10680
2078 9059 10680
2625 9804 9172
9804 2625 9172
9737 2842 29441
2842 9737 29441
9606 8210 17985
8210 9606 17985
1127 7276 3895
7276 1127 3895
4019 638 821
638 4019 821
271 4014 27404
4014 271 27404
9629 7210 6743
7210 9629 6743
1689 9461 3194
9461 1689 3194
2843 7576 24701
7576 2843 24701
257 4626 16134
4626 257 16134
7697 430 26429
430 7697 26429
1437 10097 13403
10097 1437 13403
9189 2383 31616
2383 9189 31616
7807 5562 741
5562 7807 741
7725 2771 29884
2771 7725 29884
4088 6914 20355
6914 4088 20355
1203 4315 22178
4315 1203 22178
2767 8712 4197
8712 2767 4197
3519 1356 17763
1356 3519 17763
3620 7251 1712
7251 3620 1712
9037 4498 20692
4498 9037 20692
1982 3329 6522
3329 1982 6522
2775 2361 13602
2361 2775 13602
3056 2597 30788
2597 3056 30788
2383 6684 28622
6684 2383 28622
1540 2925 9208
2925 1540 9208
5708 5595 32297
5595 5708 32297
2152 9148 1297
9148 2152 1297
7988 8733 22158
8733 7988 22158
4502 3152 23168
3152 4502 23168
8626 266 16386
266 8626 16386
2009 9864 24675
9864 2009 24675
4326 4722 9232
4722 4326 9232
3915 807 24237
807 3915 24237
7373 10014 25837
10014 7373 25837
1387 9117 12110
9117 1387 12110
2505 8718 13902
8718 2505 13902
8694 1382 2175
1382 8694 2175
6514 3517 379
3517 6514 379
882 180 17210
180 882 17210
181 1896 3450
1896 181 3450
5147 9184 16135
9184 5147 16135
6967 9863 2669
9863 6967 2669
6411 7968 15275
7968 6411 15275
911 4611 19321
4611 911 19321
461 3430 22100
3430 461 22100
2055 8790 31950
8790 2055 31950
6684 6668 6997
6668 6684 6997
9165 9138 2979
9138 9165 2979
780 594 7836
594 780 7836
2416 6354 21582
6354 2416 21582
2427 3288 7263
3288 2427 7263
8962 1017 3770
1017 8962 3770
5940 6125 4270
6125 5940 4270
148 6054 27617
6054 148 27617
9034 2230 20470
2230 9034 20470
4975 4388 30503
4388 4975 30503
3412 4812 17303
4812 3412 17303
2925 3329 9368
3329 2925 9368
4611 4434 21781
4434 4611 21781
8375 2269 4475
2269 8375 4475
9606 1478 6034
1478 9606 6034
1832 8369 28351
8369 1832 28351
2167 3628 12946
3628 2167 12946
5093 8012 25892
8012 5093 25892
9988 1880 16949
1880 9988 16949
7247 8019 4407
8019 7247 4407
4262 7975 8300
7975 4262 8300
1271 3530 2414
3530 1271 2414
1060 3374 10201
3374 1060 10201
446 8303 19220
8303 446 19220
10083 362 19539
362 10083 19539
1725 2764 31421
2764 1725 31421
5534 1305 11850
1305 5534 11850
5781 8034 11129
8034 5781 11129
9231 2802 25976
2802 9231 25976
5792 8967 27657
8967 5792 27657
2286 5630 29871
5630 2286 29871
9124 3668 15283
3668 9124 15283
3708 9680 31639
9680 3708 31639
2447 7289 20633
7289 2447 20633
8851 1168 7355
1168 8851 7355
8487 5737 22420
5737 8487 22420
5326 3993 32065
3993 5326 32065
8089 1032 6659
1032 8089 6659
2717 9830 4372
9830 2717 4372
5562 4698 20498
4698 5562 20498
